7989 609
5 533
39 525
29 508
52 451
5794 440
4221 438
7866 406
182 387
6 366
7991 366
12 359
7980 350
122 335
1 330
8125 326
143 312
11 302
59 289
33 285
54 285
3938 282
5285 268
50 263
3951 262
512 261
120 260
7892 254
5543 250
815 244
7893 242
7777 237
985 237
45 234
7988 234
983 233
20 232
526 232
4240 231
494 223
8909 223
5845 222
7973 218
804 218
981 217
3478 216
451 216
4280 214
832 212
7890 211
112 209
7977 205
854 204
4234 203
7894 203
491 202
6044 202
861 201
7949 200
807 199
3168 196
7888 195
7897 189
502 188
8903 187
4152 185
7979 185
7873 184
8130 183
3226 181
8139 181
110 179
8908 179
826 177
4027 176
7865 174
5039 171
6923 171
7900 169
6989 168
842 168
8801 168
5057 166
8385 164
442 163
8049 163
890 163
3937 162
8440 161
7960 160
8350 159
8502 159
6036 158
856 157
1023 156
3842 153
4225 153
4229 151
1648 150
3521 150
374 148
500 148
63 148
7974 147
8001 146
8913 146
3519 145
990 143
3523 142
3152 141
41 141
7984 141
577 140
3163 139
7955 139
8 139
8121 138
8506 138
7982 137
261 135
6926 135
7972 135
8784 135
5806 134
7981 133
836 133
30 132
8416 132
8797 132
809 131
810 131
5086 130
5544 130
8512 130
9008 130
2566 129
3151 129
5539 129
7788 129
8008 129
2556 128
8818 128
8915 128
7652 127
488 126
5547 126
15 125
7891 124
6724 123
7987 123
8134 123
819 123
542 121
4236 120
5031 118
802 118
812 118
8184 118
7993 117
4272 116
4310 116
6032 116
8804 116
9017 116
4146 115
8819 115
546 114
57 114
8117 114
8118 114
8816 114
987 114
31 113
9038 113
4009 112
4224 112
7953 112
821 112
8893 111
450 110
735 110
829 110
941 109
680 108
964 108
988 108
5541 107
3043 106
4158 106
6719 106
687 106
950 106
51 105
989 105
5550 104
7976 104
8505 104
8792 104
109 103
4175 103
8511 102
1664 101
3192 101
8005 101
8905 101
2595 100
837 100
8488 100
8805 100
881 100
2841 99
8785 99
2549 98
830 98
3337 97
4389 97
798 97
8160 97
552 96
8029 96
8004 95
35 94
3543 94
613 94
885 94
8855 94
561 93
771 93
8507 93
864 93
8868 93
8991 93
906 93
965 93
402 92
53 92
5537 92
6038 92
7978 92
8048 92
99 92
7367 91
8326 91
9042 91
5536 90
8138 90
8524 90
353 89
3552 89
525 89
573 89
6087 89
612 89
92 89
6936 88
8140 88
9054 88
1844 87
3546 87
4159 87
5817 87
751 87
762 87
8126 87
4276 86
5556 86
65 86
696 86
9452 86
1638 85
2552 85
4 85
4251 85
6583 85
6916 85
7073 85
7872 85
8182 85
8693 85
2050 84
4266 84
5038 84
7094 84
759 84
9060 84
2553 83
4258 83
5101 83
6079 83
682 83
7903 83
8122 83
8825 83
8907 83
3442 82
595 82
6035 82
7876 82
8822 82
113 81
2398 81
2851 81
4235 81
4254 81
506 81
8313 81
851 81
1204 80
306 80
4170 80
754 80
755 80
888 80
487 79
538 79
675 79
723 79
776 79
8503 79
9191 79
3571 78
4346 78
6059 78
6917 78
711 78
8120 78
8916 78
4283 77
547 77
600 77
7992 77
8053 77
8504 77
2574 76
3516 76
5627 76
650 76
6966 76
7942 76
8802 76
8821 76
9010 76
1181 75
1416 75
4223 75
536 75
764 75
7962 75
8795 75
898 75
515 74
6031 74
651 74
8519 74
9448 74
1604 73
1614 73
2285 73
400 73
529 73
541 73
6045 73
7036 73
872 73
3197 72
3336 72
3541 72
4256 72
579 72
13 71
2789 71
332 71
621 71
629 71
7071 71
726 71
770 71
8044 71
8418 71
8460 71
8853 71
896 71
1040 70
1238 70
2017 70
3222 70
4205 70
4312 70
441 70
6940 70
7082 70
8919 70
3531 69
3564 69
3863 69
4323 69
476 69
497 69
6028 69
8703 69
887 69
991 69
1961 68
2779 68
4271 68
523 68
625 68
692 68
737 68
747 68
8852 68
1205 67
1658 67
1665 67
175 67
373 67
4269 67
510 67
524 67
5254 67
5295 67
673 67
844 67
8993 67
939 67
528 66
5567 66
5586 66
709 66
7965 66
1397 65
1941 65
2759 65
5032 65
644 65
6990 65
707 65
734 65
760 65
7985 65
822 65
946 65
1068 64
1308 64
1420 64
4161 64
4162 64
578 64
585 64
607 64
658 64
666 64
667 64
722 64
773 64
8435 64
8796 64
9438 64
967 64
4335 63
640 63
8030 63
891 63
10 62
1681 62
1886 62
2184 62
492 62
493 62
533 62
559 62
575 62
718 62
750 62
921 62
1537 61
3156 61
398 61
4233 61
4244 61
4247 61
4277 61
4353 61
4396 61
4428 61
5389 61
55 61
617 61
653 61
685 61
763 61
7889 61
8417 61
9040 61
1512 60
1639 60
1842 60
3607 60
4232 60
597 60
668 60
7732 60
7983 60
8329 60
8697 60
8948 60
1167 59
2547 59
357 59
4179 59
5327 59
548 59
560 59
592 59
608 59
642 59
694 59
772 59
8671 59
9085 59
969 59
1033 58
1815 58
235 58
3527 58
4351 58
5053 58
564 58
656 58
793 58
820 58
8441 58
8873 58
8938 58
912 58
9439 58
1255 57
1447 57
1748 57
181 57
1840 57
1848 57
2047 57
2715 57
2731 57
4073 57
4245 57
553 57
662 57
900 57
1190 56
1717 56
2523 56
3220 56
3272 56
3875 56
4100 56
47 56
5561 56
580 56
688 56
7070 56
714 56
720 56
774 56
8006 56
868 56
1122 55
1270 55
1511 55
3 55
3051 55
3382 55
3637 55
4160 55
4171 55
4238 55
4257 55
4278 55
448 55
490 55
498 55
551 55
568 55
569 55
6040 55
733 55
7678 55
7899 55
107 54
1094 54
1302 54
146 54
1834 54
2793 54
2881 54
3157 54
3385 54
3649 54
4300 54
4426 54
495 54
5001 54
556 54
603 54
6034 54
633 54
7117 54
876 54
8931 54
8946 54
930 54
942 54
992 54
106 53
1145 53
1461 53
1654 53
1914 53
4429 53
5024 53
539 53
706 53
8793 53
8914 53
952 53
121 52
1478 52
1491 52
1515 52
1747 52
3165 52
3277 52
3380 52
584 52
599 52
761 52
8189 52
8803 52
935 52
1242 51
1295 51
1465 51
1527 51
4354 51
484 51
557 51
634 51
728 51
756 51
7844 51
7997 51
8063 51
1189 50
1202 50
1361 50
1632 50
2030 50
2112 50
2264 50
2360 50
307 50
3377 50
504 50
5194 50
5197 50
534 50
540 50
5512 50
5607 50
652 50
663 50
697 50
698 50
71 50
7913 50
8054 50
9014 50
1038 49
2088 49
2900 49
2984 49
3344 49
38 49
4231 49
4402 49
513 49
530 49
5812 49
6647 49
689 49
7040 49
717 49
778 49
786 49
7967 49
828 49
838 49
8515 49
867 49
8800 49
9093 49
1953 48
2037 48
2321 48
2788 48
309 48
3420 48
4050 48
5336 48
5472 48
587 48
602 48
641 48
6930 48
702 48
7090 48
8431 48
8509 48
8902 48
8923 48
8944 48
9445 48
1034 47
1049 47
1312 47
1360 47
1381 47
1395 47
2120 47
2171 47
276 47
3338 47
4148 47
4316 47
5188 47
521 47
5237 47
606 47
665 47
676 47
700 47
7118 47
719 47
8949 47
929 47
956 47
974 47
1072 46
1183 46
1296 46
1482 46
1809 46
2274 46
267 46
2975 46
3159 46
4156 46
5060 46
5119 46
6069 46
610 46
6937 46
699 46
757 46
785 46
834 46
860 46
862 46
1050 45
1160 45
1455 45
1668 45
1784 45
1865 45
1983 45
2210 45
2344 45
3069 45
3539 45
3753 45
4409 45
4423 45
501 45
5107 45
5230 45
527 45
5341 45
5355 45
563 45
5894 45
604 45
630 45
7002 45
7874 45
801 45
858 45
874 45
8799 45
897 45
1098 44
1117 44
1142 44
1216 44
1241 44
1249 44
1347 44
1692 44
1749 44
194 44
210 44
2385 44
2456 44
2721 44
2879 44
3434 44
346 44
40 44
4150 44
4177 44
4307 44
4386 44
485 44
537 44
5764 44
589 44
6065 44
628 44
6631 44
731 44
806 44
8127 44
8159 44
957 44
1022 43
1086 43
1376 43
1505 43
1812 43
1934 43
2277 43
2760 43
3199 43
3328 43
3423 43
3445 43
4038 43
4155 43
4291 43
4334 43
4359 43
452 43
5542 43
593 43
6646 43
7245 43
739 43
7957 43
816 43
8808 43
9128 43
972 43
1008 42
1075 42
1203 42
127 42
1657 42
1904 42
2090 42
2154 42
2209 42
2240 42
2598 42
2609 42
263 42
2826 42
2996 42
305 42
4243 42
4415 42
489 42
5176 42
6027 42
6448 42
660 42
7084 42
73 42
790 42
7964 42
8119 42
8433 42
8541 42
8827 42
8872 42
9090 42
9091 42
911 42
1078 41
1105 41
1134 41
117 41
1830 41
1891 41
1915 41
1978 41
1999 41
2064 41
2066 41
217 41
219 41
3032 41
3188 41
3425 41
3483 41
3502 41
3574 41
3589 41
3945 41
4204 41
4302 41
4413 41
5028 41
5054 41
5529 41
596 41
637 41
657 41
701 41
7086 41
787 41
7954 41
8128 41
8218 41
8343 41
878 41
880 41
889 41
8911 41
9089 41
968 41
1230 40
1261 40
131 40
1332 40
1352 40
1456 40
1483 40
1529 40
1666 40
1822 40
1954 40
2138 40
2286 40
264 40
3112 40
3276 40
3651 40
3658 40
37 40
383 40
4083 40
4163 40
4369 40
5092 40
5172 40
5359 40
543 40
6071 40
683 40
6927 40
78 40
817 40
8205 40
8213 40
8534 40
8954 40
9169 40
948 40
1042 39
1124 39
1212 39
1220 39
1448 39
1574 39
1596 39
1659 39
1932 39
2032 39
2078 39
2097 39
2101 39
2502 39
2814 39
302 39
3270 39
3443 39
363 39
3851 39
4054 39
4285 39
4292 39
4421 39
479 39
5046 39
5111 39
5383 39
5595 39
565 39
588 39
6063 39
6114 39
618 39
6855 39
725 39
796 39
8570 39
870 39
884 39
8866 39
8964 39
1070 38
1233 38
1301 38
1365 38
1509 38
1525 38
1543 38
1712 38
1803 38
1836 38
2130 38
2214 38
265 38
34 38
3417 38
4094 38
4098 38
4227 38
5165 38
5199 38
574 38
620 38
631 38
67 38
6836 38
736 38
780 38
8141 38
8514 38
8702 38
8813 38
882 38
8906 38
8920 38
909 38
993 38
994 38
105 37
1166 37
1217 37
1275 37
1326 37
1523 37
1911 37
1966 37
2070 37
2206 37
2292 37
2778 37
3020 37
3284 37
3501 37
3537 37
3601 37
3629 37
3659 37
4046 37
4049 37
4074 37
4267 37
4274 37
4299 37
4401 37
4406 37
507 37
508 37
5090 37
519 37
5419 37
5430 37
567 37
594 37
6073 37
8123 37
8704 37
8884 37
90 37
910 37
958 37
1271 36
1338 36
1367 36
1372 36
139 36
1407 36
1479 36
1563 36
1624 36
1786 36
1974 36
2063 36
2122 36
2219 36
2372 36
2377 36
2458 36
2612 36
2720 36
2795 36
3247 36
407 36
4145 36
4391 36
4397 36
4418 36
46 36
496 36
4981 36
5097 36
522 36
5417 36
5444 36
545 36
5566 36
639 36
693 36
749 36
75 36
7784 36
846 36
8508 36
8578 36
8836 36
8957 36
1011 35
1101 35
1111 35
1150 35
1158 35
1186 35
1413 35
1489 35
16 35
1710 35
1835 35
1902 35
1912 35
1926 35
1935 35
1960 35
1995 35
2155 35
2364 35
2392 35
2411 35
2894 35
3202 35
3242 35
3244 35
3513 35
3529 35
4264 35
4281 35
4290 35
4294 35
5174 35
5461 35
558 35
5796 35
6106 35
632 35
661 35
6666 35
684 35
6868 35
69 35
703 35
727 35
7289 35
800 35
824 35
8429 35
843 35
8430 35
875 35
997 35
1014 34
1016 34
1095 34
1155 34
1305 34
1382 34
1454 34
1554 34
1566 34
1592 34
1597 34
1603 34
1621 34
1642 34
166 34
1671 34
1675 34
1683 34
1690 34
1706 34
1724 34
1728 34
1743 34
1820 34
1845 34
1858 34
1908 34
1922 34
2167 34
2251 34
2258 34
2371 34
2856 34
2872 34
3211 34
3346 34
3429 34
3512 34
3641 34
3681 34
3696 34
3758 34
3789 34
3820 34
3935 34
4105 34
4239 34
4241 34
4341 34
4412 34
520 34
5553 34
5564 34
5578 34
5614 34
5727 34
5819 34
611 34
645 34
6946 34
6971 34
7092 34
716 34
7938 34
808 34
8196 34
8233 34
8438 34
8442 34
848 34
8551 34
8787 34
913 34
9163 34
919 34
933 34
944 34
9505 34
9525 34
9530 34
961 34
1001 33
101 33
1021 33
1064 33
1082 33
1091 33
1149 33
1259 33
1274 33
1294 33
1346 33
1399 33
1486 33
1540 33
1799 33
1861 33
1937 33
1979 33
2151 33
2202 33
2273 33
234 33
2352 33
2740 33
2871 33
3246 33
3262 33
3263 33
3335 33
348 33
3592 33
3867 33
3977 33
4144 33
4261 33
4329 33
4337 33
5036 33
5221 33
5239 33
5283 33
5619 33
5829 33
6006 33
6047 33
6053 33
638 33
655 33
6817 33
6968 33
7065 33
7301 33
7305 33
768 33
850 33
8530 33
865 33
8891 33
8922 33
8965 33
9088 33
917 33
9188 33
920 33
924 33
9527 33
1026 32
1027 32
1029 32
1154 32
1267 32
1293 32
1300 32
1341 32
1354 32
1414 32
1432 32
1541 32
1726 32
2008 32
2086 32
2165 32
2189 32
2238 32
2252 32
2433 32
2451 32
2979 32
3326 32
3386 32
3648 32
3749 32
3923 32
4222 32
4313 32
4348 32
4350 32
4357 32
4381 32
5047 32
5109 32
511 32
5110 32
5300 32
5309 32
532 32
5575 32
5631 32
5808 32
5810 32
6057 32
6675 32
6718 32
677 32
74 32
7461 32
779 32
7966 32
8043 32
811 32
8341 32
8342 32
847 32
8585 32
8798 32
8937 32
8960 32
8996 32
9034 32
9162 32
9190 32
970 32
1009 31
1031 31
1043 31
1058 31
1074 31
1080 31
1209 31
1224 31
1231 31
1405 31
1451 31
1464 31
1519 31
1544 31
1553 31
1582 31
1773 31
19 31
196 31
1972 31
2034 31
2147 31
2192 31
2235 31
2356 31
2410 31
3064 31
3306 31
3384 31
3462 31
3544 31
3570 31
3646 31
3707 31
3914 31
3946 31
3971 31
4037 31
4055 31
4077 31
4289 31
4306 31
4349 31
4375 31
4927 31
5022 31
5405 31
5599 31
5695 31
6009 31
654 31
6922 31
705 31
7087 31
8047 31
849 31
895 31
905 31
934 31
951 31
976 31
1000 30
1041 30
1089 30
1201 30
1207 30
1291 30
1417 30
1426 30
1436 30
1477 30
1492 30
1503 30
1715 30
1731 30
1860 30
1875 30
1879 30
1883 30
1900 30
2040 30
2079 30
2226 30
2485 30
250 30
2737 30
2854 30
3012 30
3170 30
3406 30
3469 30
3520 30
3525 30
3584 30
3640 30
3655 30
3721 30
4033 30
4102 30
4252 30
4317 30
4416 30
5064 30
5122 30
5132 30
5163 30
517 30
5314 30
5593 30
572 30
583 30
6054 30
6493 30
769 30
7941 30
805 30
8234 30
8472 30
8790 30
8794 30
893 30
8976 30
899 30
9059 30
9125 30
93 30
960 30
962 30
982 30
1073 29
1289 29
1438 29
1536 29
1608 29
1677 29
1696 29
1737 29
1791 29
193 29
1939 29
1959 29
2073 29
2333 29
2447 29
2467 29
2475 29
2540 29
2546 29
2718 29
2742 29
2764 29
2800 29
3106 29
3119 29
319 29
3217 29
3254 29
3596 29
3830 29
3929 29
3962 29
3978 29
4019 29
4026 29
4093 29
4318 29
4379 29
4390 29
4399 29
4407 29
5078 29
5084 29
5208 29
5302 29
5325 29
5549 29
5580 29
6046 29
6048 29
626 29
6488 29
6717 29
6823 29
6857 29
741 29
7484 29
781 29
803 29
8038 29
8214 29
8706 29
8835 29
8860 29
8947 29
901 29
1005 28
1024 28
1035 28
1036 28
1071 28
1110 28
1118 28
1139 28
1193 28
1211 28
1219 28
1282 28
1431 28
1441 28
1469 28
1493 28
1643 28
1718 28
1742 28
1919 28
1967 28
2029 28
2085 28
2099 28
2119 28
2144 28
2172 28
2300 28
2395 28
241 28
2454 28
2498 28
2610 28
280 28
2926 28
296 28
2972 28
3031 28
3040 28
3084 28
3153 28
3287 28
3334 28
3407 28
3524 28
3575 28
371 28
3714 28
3813 28
3840 28
3920 28
4059 28
4060 28
4063 28
4064 28
408 28
428 28
44 28
4438 28
4942 28
4946 28
5055 28
5058 28
5129 28
5186 28
5190 28
5218 28
5265 28
5339 28
5477 28
5600 28
5675 28
6041 28
66 28
671 28
679 28
6814 28
6834 28
6854 28
690 28
7034 28
7238 28
8032 28
8235 28
8513 28
859 28
8862 28
8896 28
8994 28
9001 28
954 28
1032 27
1045 27
1115 27
1187 27
1188 27
1285 27
1353 27
1383 27
1439 27
1449 27
1485 27
1661 27
1721 27
1783 27
180 27
1833 27
1864 27
1878 27
1980 27
2046 27
2098 27
2166 27
2290 27
2335 27
2379 27
2466 27
2538 27
2571 27
268 27
270 27
2765 27
2786 27
279 27
2875 27
2918 27
3070 27
3206 27
3214 27
3370 27
3567 27
3595 27
3709 27
3710 27
3936 27
3954 27
3960 27
3983 27
4056 27
4195 27
4268 27
509 27
5115 27
5131 27
5387 27
5754 27
5828 27
6051 27
6632 27
691 27
721 27
742 27
7427 27
7762 27
7904 27
8863 27
8869 27
9216 27
9370 27
973 27
999 27
1018 26
1087 26
1151 26
1178 26
1236 26
1277 26
1286 26
1311 26
1335 26
1351 26
1358 26
1378 26
1402 26
1433 26
1453 26
1703 26
1716 26
1761 26
1827 26
1905 26
1923 26
1929 26
1936 26
1951 26
1969 26
2056 26
2181 26
2197 26
2296 26
2298 26
2324 26
2483 26
2492 26
2494 26
2511 26
2564 26
259 26
2605 26
2732 26
2768 26
2831 26
2885 26
316 26
3174 26
3212 26
3350 26
3381 26
3419 26
3535 26
3581 26
3586 26
3594 26
3625 26
3638 26
3689 26
3760 26
3816 26
3834 26
3921 26
3968 26
3975 26
3994 26
4057 26
4067 26
4167 26
4194 26
4303 26
4327 26
459 26
473 26
4955 26
5042 26
5079 26
5121 26
5124 26
5169 26
5181 26
5333 26
5429 26
5712 26
601 26
6014 26
6020 26
62 26
643 26
6662 26
6841 26
7016 26
7033 26
7099 26
782 26
7920 26
7940 26
8022 26
823 26
8240 26
8419 26
8701 26
8807 26
8815 26
8955 26
916 26
947 26
966 26
1053 25
1229 25
1247 25
1272 25
1310 25
1437 25
1499 25
1546 25
159 25
1808 25
1824 25
1843 25
1866 25
1965 25
2004 25
2031 25
2148 25
2178 25
2203 25
242 25
2489 25
2606 25
2745 25
2812 25
290 25
293 25
2931 25
2969 25
3017 25
3127 25
3135 25
3160 25
3316 25
3371 25
3412 25
3536 25
3540 25
3667 25
3747 25
385 25
3959 25
3988 25
3996 25
4068 25
411 25
417 25
4440 25
4632 25
4929 25
5023 25
5041 25
5075 25
5144 25
5241 25
5347 25
5384 25
5442 25
5538 25
562 25
5641 25
5865 25
5881 25
6042 25
6062 25
6064 25
6082 25
635 25
647 25
6680 25
6744 25
6793 25
6821 25
6831 25
6982 25
7014 25
7044 25
7956 25
8020 25
840 25
8477 25
9441 25
963 25
998 25
1047 24
1141 24
1169 24
1170 24
1323 24
1333 24
14 24
1419 24
1497 24
1522 24
1551 24
1564 24
1568 24
1579 24
1581 24
1605 24
1646 24
1699 24
1745 24
1753 24
1754 24
1847 24
1976 24
2024 24
2067 24
2127 24
2200 24
2207 24
2225 24
2228 24
2232 24
2280 24
2332 24
2359 24
2442 24
2536 24
2785 24
2859 24
2916 24
3077 24
3104 24
3155 24
3203 24
326 24
3264 24
3294 24
3299 24
3310 24
3405 24
3557 24
3612 24
3631 24
3665 24
3751 24
3770 24
3832 24
3843 24
3860 24
3904 24
3966 24
4024 24
403 24
4116 24
4133 24
4172 24
4296 24
4322 24
440 24
4408 24
4522 24
467 24
4715 24
5274 24
5338 24
5370 24
5433 24
5469 24
5493 24
581 24
5836 24
5847 24
590 24
6050 24
609 24
669 24
6813 24
70 24
7028 24
7450 24
767 24
7736 24
789 24
795 24
8036 24
8287 24
8632 24
8643 24
8644 24
8826 24
8838 24
8968 24
9062 24
918 24
9513 24
9661 24
1025 23
1046 23
1051 23
1061 23
1067 23
1076 23
1268 23
1307 23
1377 23
1418 23
1446 23
1488 23
1506 23
1535 23
1538 23
1558 23
1615 23
1622 23
1625 23
1626 23
1637 23
171 23
1872 23
189 23
1918 23
1956 23
1964 23
1996 23
2022 23
2275 23
23 23
2330 23
2404 23
252 23
2719 23
2733 23
2766 23
2769 23
2781 23
2838 23
2853 23
2910 23
2921 23
2944 23
3010 23
3030 23
3038 23
3088 23
3196 23
3219 23
3235 23
3241 23
3249 23
3250 23
3300 23
3424 23
3494 23
3528 23
3598 23
3668 23
3784 23
3790 23
3812 23
384 23
3846 23
3854 23
3862 23
3958 23
4023 23
4035 23
4071 23
413 23
4489 23
4690 23
5133 23
5143 23
5166 23
5255 23
531 23
5353 23
5361 23
5372 23
5381 23
5448 23
5463 23
5582 23
5615 23
5635 23
566 23
605 23
6066 23
6075 23
6107 23
624 23
6642 23
6812 23
6840 23
6905 23
7368 23
765 23
7836 23
7951 23
7961 23
7969 23
8180 23
8208 23
841 23
8453 23
8469 23
8470 23
8809 23
886 23
9368 23
9394 23
943 23
1019 22
1020 22
1108 22
1113 22
1173 22
1180 22
1196 22
1197 22
1200 22
1250 22
1331 22
1348 22
135 22
1385 22
1387 22
1388 22
1428 22
1565 22
162 22
1735 22
1804 22
1838 22
2013 22
2153 22
2215 22
2237 22
2283 22
2303 22
232 22
2336 22
2409 22
2431 22
2464 22
2471 22
2543 22
2575 22
2713 22
2744 22
2746 22
2756 22
2761 22
2772 22
2830 22
2836 22
288 22
3068 22
3082 22
3258 22
3331 22
335 22
3421 22
3452 22
3545 22
3554 22
3555 22
3803 22
3831 22
3841 22
3991 22
4016 22
4021 22
4022 22
4124 22
4166 22
4182 22
4201 22
4298 22
4342 22
4361 22
4425 22
461 22
4611 22
4959 22
5065 22
5088 22
5112 22
5215 22
5258 22
5268 22
544 22
5455 22
5473 22
5552 22
5768 22
5811 22
5871 22
5934 22
622 22
6225 22
6372 22
6443 22
6444 22
6629 22
6653 22
6663 22
6670 22
6828 22
6833 22
6852 22
6974 22
708 22
7428 22
7939 22
8023 22
8133 22
8199 22
8217 22
8225 22
8228 22
825 22
852 22
883 22
8910 22
9039 22
9082 22
922 22
9426 22
949 22
9672 22
978 22
1028 21
1048 21
1059 21
1069 21
1079 21
1112 21
1175 21
1257 21
1265 21
1266 21
1306 21
1337 21
1343 21
1356 21
1400 21
1423 21
1463 21
1517 21
1556 21
1628 21
1740 21
1828 21
1849 21
1885 21
1899 21
1917 21
1944 21
1949 21
1988 21
2104 21
2164 21
2276 21
2314 21
2419 21
2421 21
2535 21
2583 21
2593 21
273 21
2798 21
2813 21
2815 21
2820 21
2825 21
2883 21
2951 21
2955 21
3034 21
3067 21
3167 21
3171 21
3207 21
3339 21
3369 21
3450 21
3490 21
3517 21
3533 21
3605 21
3654 21
3671 21
3700 21
3715 21
3835 21
3836 21
387 21
3880 21
394 21
3957 21
4001 21
4005 21
4020 21
4104 21
4246 21
4255 21
4265 21
4287 21
4405 21
4485 21
4518 21
5025 21
5087 21
5108 21
5114 21
5204 21
5224 21
5227 21
5343 21
5366 21
5391 21
5403 21
5548 21
5565 21
5581 21
5604 21
5612 21
5616 21
5798 21
5857 21
5910 21
6001 21
6043 21
6067 21
6425 21
6456 21
6465 21
6613 21
681 21
6816 21
6847 21
6897 21
6949 21
7126 21
7127 21
713 21
7258 21
7295 21
7296 21
7307 21
7441 21
748 21
7998 21
8003 21
8129 21
8230 21
8426 21
8532 21
8536 21
8788 21
8941 21
9011 21
9033 21
9174 21
936 21
9400 21
9409 21
953 21
9721 21
1198 20
1208 20
1210 20
1246 20
1248 20
1281 20
136 20
1401 20
1403 20
1475 20
1590 20
1607 20
1623 20
1727 20
1755 20
1854 20
1909 20
1913 20
1948 20
2011 20
2020 20
2113 20
2133 20
2162 20
2176 20
2191 20
2217 20
2261 20
2348 20
2368 20
2396 20
2407 20
2415 20
243 20
2476 20
2518 20
2717 20
2729 20
2806 20
2810 20
2833 20
2849 20
286 20
2867 20
2948 20
298 20
2983 20
3015 20
3234 20
3295 20
3309 20
3319 20
333 20
3456 20
3496 20
3508 20
3698 20
3705 20
375 20
376 20
3771 20
3814 20
3838 20
386 20
3874 20
3889 20
3892 20
3933 20
3940 20
3973 20
4008 20
4043 20
4062 20
4103 20
4106 20
4108 20
4284 20
4343 20
4352 20
438 20
4394 20
4437 20
449 20
4543 20
458 20
4739 20
4939 20
5005 20
5049 20
5116 20
5135 20
5421 20
5474 20
5510 20
5551 20
5557 20
5577 20
5625 20
5669 20
5893 20
6052 20
6074 20
6163 20
619 20
6228 20
6278 20
6463 20
649 20
6549 20
6661 20
6696 20
6702 20
6829 20
6850 20
7005 20
7043 20
712 20
738 20
752 20
7639 20
8007 20
8183 20
8185 20
8242 20
8424 20
857 20
873 20
8814 20
8874 20
8997 20
9015 20
9018 20
9073 20
9077 20
9147 20
9211 20
9223 20
940 20
9512 20
9516 20
9532 20
9563 20
1017 19
1030 19
1065 19
1085 19
1096 19
1109 19
1116 19
1127 19
1182 19
1221 19
1252 19
1283 19
1284 19
1336 19
137 19
1384 19
1398 19
140 19
1480 19
149 19
1552 19
1569 19
1617 19
1630 19
1633 19
1662 19
1667 19
1733 19
1759 19
1805 19
1942 19
1977 19
1993 19
2 19
2087 19
2102 19
2114 19
2125 19
2137 19
2140 19
2170 19
2182 19
2311 19
2343 19
2477 19
2507 19
2657 19
271 19
2763 19
2805 19
2880 19
2882 19
2901 19
2959 19
2960 19
2995 19
3039 19
3124 19
3201 19
3389 19
3437 19
3572 19
3680 19
3712 19
3762 19
3828 19
3969 19
4002 19
4039 19
405 19
4052 19
4199 19
4206 19
4253 19
4259 19
4326 19
4333 19
4384 19
4422 19
443 19
4636 19
4642 19
465 19
4743 19
4839 19
4881 19
4914 19
4949 19
5016 19
5033 19
5034 19
5148 19
5187 19
5192 19
5222 19
5231 19
5346 19
5371 19
5379 19
5435 19
5447 19
5458 19
5560 19
5574 19
5703 19
5735 19
5818 19
5832 19
5918 19
5923 19
598 19
6018 19
6019 19
61 19
6196 19
6251 19
6386 19
6461 19
6820 19
6827 19
6861 19
6864 19
6933 19
7059 19
7064 19
7081 19
710 19
743 19
7605 19
7771 19
7776 19
7853 19
7958 19
799 19
8000 19
8158 19
8402 19
8520 19
8823 19
8833 19
8890 19
8894 19
894 19
9041 19
9050 19
9074 19
9170 19
94 19
9667 19
97 19
104 18
1099 18
111 18
1130 18
1214 18
123 18
1404 18
1415 18
1424 18
1457 18
1490 18
164 18
1651 18
174 18
1750 18
18 18
1868 18
1890 18
1894 18
1903 18
1907 18
2002 18
2007 18
2015 18
208 18
2185 18
2318 18
2329 18
2350 18
2365 18
2387 18
2389 18
2425 18
2503 18
2578 18
2658 18
269 18
2708 18
2835 18
2863 18
2890 18
2906 18
2917 18
2939 18
2952 18
2993 18
3002 18
3005 18
3023 18
3025 18
3081 18
32 18
3224 18
3266 18
3329 18
3351 18
3362 18
3402 18
3435 18
345 18
3460 18
3461 18
3466 18
3526 18
3547 18
3593 18
3617 18
3623 18
3634 18
3657 18
3692 18
377 18
3777 18
3941 18
3948 18
3961 18
3995 18
4065 18
4143 18
4228 18
4370 18
445 18
4494 18
4496 18
4504 18
4581 18
4723 18
4761 18
4865 18
4904 18
4990 18
5044 18
5051 18
5095 18
5117 18
5252 18
5376 18
5400 18
5411 18
5422 18
5440 18
5546 18
5558 18
5648 18
5649 18
5668 18
5711 18
5714 18
5778 18
5799 18
5873 18
5908 18
6029 18
6151 18
6212 18
6226 18
6459 18
6677 18
6713 18
6749 18
6948 18
695 18
7077 18
7119 18
7356 18
7370 18
7936 18
8012 18
8058 18
814 18
82 18
8450 18
85 18
8568 18
8705 18
8859 18
8899 18
8936 18
8983 18
9171 18
9173 18
9440 18
9459 18
9536 18
9539 18
9648 18
9664 18
9668 18
9695 18
9698 18
1097 17
1135 17
1195 17
1199 17
1223 17
1234 17
1254 17
1264 17
1303 17
1345 17
1370 17
1391 17
1396 17
1470 17
1508 17
1550 17
1567 17
1584 17
1591 17
163 17
1655 17
1656 17
1679 17
1711 17
1810 17
1856 17
1859 17
2057 17
2077 17
2094 17
2142 17
2221 17
2255 17
2265 17
2297 17
2347 17
2370 17
2373 17
2375 17
2444 17
2478 17
2582 17
2611 17
2711 17
272 17
2722 17
277 17
2774 17
2776 17
2811 17
2839 17
2858 17
2978 17
2991 17
3018 17
3094 17
3136 17
314 17
3257 17
3273 17
3364 17
3432 17
3446 17
3464 17
3518 17
3565 17
3590 17
3628 17
3660 17
3664 17
3683 17
3684 17
3768 17
3801 17
3824 17
3868 17
3873 17
3895 17
3927 17
3970 17
3989 17
4011 17
4040 17
4041 17
4096 17
425 17
43 17
4309 17
4332 17
4453 17
447 17
4530 17
4597 17
4651 17
4665 17
4765 17
4813 17
4932 17
4936 17
4941 17
4968 17
4975 17
4976 17
5035 17
5037 17
5140 17
518 17
5195 17
5220 17
5248 17
5277 17
5342 17
5402 17
5416 17
5459 17
5460 17
5495 17
5503 17
5576 17
5587 17
5588 17
5594 17
5662 17
5666 17
5674 17
5705 17
5786 17
5846 17
5851 17
586 17
5906 17
5911 17
5925 17
5931 17
5982 17
6250 17
646 17
6482 17
6511 17
6628 17
674 17
6837 17
6851 17
6880 17
6890 17
6947 17
6973 17
7 17
7032 17
704 17
7048 17
7223 17
7417 17
7557 17
7659 17
7744 17
7851 17
79 17
7910 17
8016 17
8025 17
8263 17
835 17
8352 17
8358 17
8428 17
8443 17
8476 17
8481 17
8501 17
8561 17
8782 17
8849 17
8886 17
8921 17
8956 17
8967 17
903 17
9168 17
926 17
938 17
945 17
9518 17
959 17
9638 17
971 17
9713 17
980 17
1004 16
1013 16
1063 16
1084 16
1120 16
1126 16
1132 16
1143 16
1177 16
1179 16
1244 16
1363 16
1442 16
1498 16
1521 16
1557 16
1571 16
1601 16
1634 16
1644 16
1781 16
1881 16
1990 16
1991 16
2039 16
2054 16
2068 16
2149 16
2161 16
2173 16
223 16
2233 16
2234 16
2270 16
2284 16
2334 16
2340 16
2386 16
2417 16
2486 16
2500 16
2558 16
2586 16
2588 16
260 16
2738 16
2757 16
2792 16
2809 16
285 16
291 16
2953 16
2965 16
2973 16
2981 16
2988 16
3001 16
3026 16
3041 16
3055 16
3086 16
3089 16
3144 16
3164 16
3183 16
3221 16
3323 16
3349 16
3354 16
3415 16
3438 16
3465 16
3576 16
3600 16
3738 16
3757 16
3903 16
3905 16
3952 16
3956 16
4015 16
4048 16
4069 16
4129 16
4130 16
4197 16
4262 16
4273 16
4372 16
4377 16
4395 16
4424 16
4462 16
4470 16
4480 16
4607 16
4608 16
4652 16
4671 16
4770 16
478 16
480 16
4856 16
4889 16
4908 16
4928 16
4943 16
4954 16
4957 16
4962 16
4963 16
4978 16
4997 16
503 16
5040 16
5061 16
5067 16
5068 16
5083 16
5096 16
5127 16
5146 16
5180 16
5193 16
5206 16
5209 16
5234 16
5249 16
5303 16
5304 16
5317 16
5360 16
5364 16
5369 16
5373 16
5427 16
5437 16
5465 16
5499 16
5568 16
5590 16
5618 16
5664 16
5671 16
5686 16
5690 16
5697 16
5788 16
5826 16
5854 16
5864 16
5904 16
5960 16
6010 16
6056 16
6085 16
6187 16
6189 16
623 16
6242 16
6314 16
6376 16
6413 16
6633 16
664 16
6679 16
6682 16
6706 16
6714 16
6726 16
6757 16
6853 16
6871 16
7108 16
7297 16
730 16
7300 16
7318 16
7409 16
7630 16
7661 16
7785 16
7915 16
7945 16
8124 16
8179 16
827 16
8337 16
8407 16
8538 16
8624 16
866 16
8811 16
8895 16
8904 16
8935 16
8969 16
8977 16
907 16
9116 16
9175 16
928 16
931 16
9314 16
932 16
9325 16
9412 16
9427 16
9442 16
9443 16
95 16
0 15
1007 15
1039 15
1123 15
1215 15
1232 15
1262 15
1290 15
1298 15
1339 15
1349 15
1357 15
1406 15
1429 15
1507 15
1545 15
1588 15
1593 15
1616 15
1695 15
17 15
1720 15
1739 15
1741 15
178 15
1790 15
1813 15
1850 15
1851 15
1877 15
1920 15
197 15
1982 15
1994 15
200 15
2052 15
2058 15
2062 15
2169 15
2239 15
2244 15
2248 15
2299 15
2351 15
2354 15
2388 15
2394 15
2414 15
2435 15
2441 15
2457 15
2495 15
26 15
2678 15
2716 15
2734 15
2750 15
2754 15
2790 15
2797 15
2807 15
281 15
2843 15
2845 15
2857 15
2862 15
2878 15
289 15
2912 15
2919 15
2934 15
2940 15
2946 15
2957 15
2970 15
2989 15
2997 15
300 15
3007 15
3021 15
3078 15
3087 15
3093 15
3115 15
3133 15
3193 15
3218 15
3223 15
3237 15
3289 15
3330 15
334 15
3342 15
3367 15
3378 15
3401 15
3463 15
3470 15
3503 15
3542 15
3551 15
3573 15
3577 15
3604 15
3618 15
3627 15
3632 15
3644 15
3647 15
3678 15
3716 15
3724 15
378 15
3798 15
3822 15
3837 15
3866 15
3871 15
3887 15
3894 15
3901 15
3908 15
3912 15
3980 15
4082 15
409 15
4134 15
4174 15
4211 15
4282 15
4339 15
434 15
4457 15
4475 15
4497 15
4498 15
4507 15
4508 15
4561 15
4566 15
4568 15
4631 15
4683 15
471 15
4777 15
4781 15
4788 15
4793 15
4796 15
4803 15
4861 15
4885 15
4894 15
4945 15
4956 15
5030 15
5045 15
5056 15
5082 15
5118 15
5149 15
5155 15
516 15
5236 15
5251 15
5263 15
5301 15
5328 15
5340 15
5409 15
5412 15
5523 15
5620 15
5650 15
5677 15
5696 15
5698 15
5751 15
5769 15
5793 15
58 15
5822 15
5863 15
5903 15
5914 15
5938 15
5956 15
6025 15
6055 15
6083 15
6124 15
6142 15
6160 15
6200 15
6204 15
6258 15
636 15
6378 15
6394 15
6460 15
6474 15
6636 15
6731 15
6750 15
6774 15
6801 15
6819 15
6874 15
6925 15
6928 15
6957 15
6970 15
7025 15
7078 15
7080 15
7102 15
7109 15
7204 15
7261 15
7291 15
732 15
7357 15
7358 15
7372 15
7400 15
7443 15
7599 15
7665 15
7731 15
775 15
777 15
7846 15
797 15
8019 15
8024 15
8052 15
8132 15
8176 15
8333 15
8422 15
8449 15
8531 15
8537 15
8670 15
879 15
8856 15
8861 15
8875 15
8880 15
8881 15
8992 15
9053 15
9070 15
9072 15
9095 15
927 15
9535 15
9543 15
977 15
979 15
1015 14
1037 14
1044 14
1052 14
1054 14
1056 14
1146 14
116 14
1237 14
1239 14
1279 14
1297 14
1321 14
1344 14
1350 14
1366 14
142 14
1434 14
1444 14
1445 14
1476 14
1481 14
1528 14
156 14
1598 14
1612 14
1649 14
1676 14
172 14
1730 14
1744 14
1796 14
1797 14
1889 14
1898 14
1955 14
2059 14
2069 14
21 14
2109 14
2118 14
2146 14
2157 14
2190 14
2208 14
2218 14
2241 14
2305 14
2384 14
2402 14
245 14
2506 14
2509 14
2526 14
2527 14
2541 14
2567 14
2640 14
2712 14
2749 14
2801 14
2827 14
2834 14
2865 14
2933 14
294 14
3008 14
3050 14
3061 14
3062 14
3126 14
3132 14
3147 14
3149 14
3213 14
3239 14
327 14
3274 14
3292 14
3312 14
3318 14
3366 14
340 14
3409 14
3426 14
3486 14
3495 14
3534 14
354 14
3549 14
3583 14
3624 14
3636 14
3677 14
3694 14
3706 14
3719 14
3730 14
3742 14
3744 14
3750 14
3766 14
3778 14
3818 14
3844 14
3850 14
3879 14
3890 14
3898 14
3939 14
3943 14
3949 14
3963 14
3985 14
4007 14
4058 14
406 14
4072 14
4110 14
4112 14
4120 14
4140 14
42 14
4356 14
4358 14
4403 14
4443 14
4444 14
4454 14
4461 14
4472 14
4502 14
4511 14
4525 14
4529 14
4537 14
4552 14
4558 14
4563 14
4565 14
4574 14
4600 14
4610 14
4613 14
4621 14
4640 14
4667 14
4760 14
4774 14
4779 14
4830 14
4835 14
4919 14
4952 14
4986 14
4987 14
5006 14
5009 14
5043 14
5106 14
5123 14
5128 14
5145 14
5162 14
5179 14
5261 14
5288 14
5292 14
5335 14
5354 14
5365 14
5408 14
5481 14
5485 14
5486 14
5519 14
5526 14
5589 14
56 14
5602 14
5606 14
5643 14
5656 14
5659 14
5701 14
5717 14
5728 14
5809 14
582 14
5833 14
5876 14
5905 14
5913 14
5922 14
5926 14
5973 14
6015 14
6070 14
6090 14
6100 14
6105 14
6153 14
6159 14
6176 14
6210 14
6237 14
6244 14
6247 14
6273 14
6292 14
6348 14
6384 14
6420 14
6466 14
6489 14
6527 14
6643 14
6655 14
6727 14
6753 14
6805 14
6856 14
6858 14
6863 14
6867 14
6879 14
6888 14
6921 14
7010 14
7013 14
7041 14
7045 14
7058 14
7254 14
7313 14
7332 14
7429 14
7504 14
7550 14
7564 14
7634 14
7653 14
7656 14
7815 14
7860 14
7944 14
8002 14
8163 14
8204 14
8245 14
8251 14
8252 14
8262 14
8377 14
8390 14
8432 14
855 14
8699 14
8783 14
8857 14
8952 14
9021 14
9110 14
9136 14
9164 14
9189 14
923 14
9299 14
9447 14
9450 14
1003 13
1092 13
1125 13
1133 13
1162 13
1168 13
1185 13
1206 13
1222 13
1258 13
1355 13
1362 13
1379 13
1410 13
1422 13
144 13
1440 13
1452 13
1484 13
1496 13
1549 13
1611 13
1618 13
1620 13
1635 13
1682 13
1688 13
1722 13
1758 13
1772 13
1777 13
1778 13
1795 13
1819 13
183 13
1874 13
1882 13
1928 13
1943 13
1998 13
2006 13
2012 13
2014 13
2044 13
2076 13
2092 13
2096 13
2126 13
215 13
2175 13
2179 13
2260 13
2291 13
2301 13
231 13
2320 13
2322 13
2339 13
2353 13
2376 13
2391 13
2446 13
2452 13
2465 13
247 13
2479 13
2487 13
2504 13
2551 13
2568 13
2596 13
2676 13
2709 13
2723 13
2767 13
2775 13
278 13
2783 13
282 13
2822 13
2846 13
2847 13
2850 13
2876 13
2886 13
2942 13
2945 13
2954 13
2956 13
2974 13
3033 13
304 13
3047 13
3049 13
3056 13
3073 13
3079 13
3128 13
3143 13
3210 13
323 13
3245 13
3268 13
3305 13
3348 13
3368 13
3372 13
342 13
347 13
3538 13
3561 13
3580 13
360 13
3603 13
365 13
3720 13
3734 13
3775 13
3783 13
3787 13
3821 13
3855 13
3857 13
3870 13
3915 13
395 13
3950 13
3953 13
3992 13
4006 13
4051 13
4053 13
4107 13
4198 13
4304 13
4311 13
4319 13
432 13
4387 13
4441 13
4474 13
4491 13
4503 13
4547 13
4550 13
4582 13
4590 13
4602 13
4603 13
4624 13
4639 13
4664 13
4681 13
4691 13
4699 13
4702 13
4713 13
4730 13
4745 13
4752 13
4771 13
4812 13
4827 13
4828 13
4851 13
4862 13
4868 13
4872 13
4883 13
4900 13
4925 13
4938 13
4948 13
4950 13
4970 13
4971 13
4985 13
5026 13
5027 13
5071 13
5091 13
5157 13
5158 13
5159 13
5196 13
5219 13
5235 13
5250 13
5308 13
5320 13
5332 13
5358 13
5396 13
5428 13
5443 13
5470 13
5491 13
5506 13
5509 13
5554 13
5555 13
5571 13
5584 13
5626 13
5681 13
5688 13
5692 13
5700 13
5702 13
5707 13
571 13
5710 13
5713 13
5724 13
5733 13
5737 13
5749 13
5756 13
5783 13
5787 13
5804 13
5859 13
5898 13
5930 13
5932 13
5980 13
5994 13
6084 13
6091 13
6092 13
6098 13
6126 13
6129 13
6132 13
6134 13
6184 13
6197 13
6235 13
6275 13
6291 13
6300 13
6318 13
6332 13
6365 13
6367 13
64 13
6402 13
6417 13
6476 13
6486 13
6528 13
6536 13
6570 13
6580 13
659 13
6627 13
6669 13
6689 13
6742 13
6797 13
6835 13
6862 13
6873 13
6918 13
6919 13
6931 13
6951 13
6987 13
7021 13
7057 13
7101 13
7146 13
7299 13
7348 13
7354 13
740 13
744 13
7554 13
766 13
7674 13
7782 13
7937 13
7999 13
8010 13
8109 13
8157 13
8166 13
8191 13
8223 13
8254 13
8274 13
8436 13
8447 13
845 13
8467 13
8473 13
8474 13
8475 13
8543 13
8575 13
8579 13
863 13
8714 13
8770 13
8917 13
8982 13
8989 13
9 13
9012 13
9022 13
908 13
9087 13
915 13
9166 13
9222 13
9225 13
9493 13
9517 13
9542 13
9660 13
9699 13
9723 13
975 13
9773 13
1093 12
1107 12
1165 12
1172 12
1213 12
1278 12
1324 12
134 12
1390 12
1392 12
1393 12
1394 12
1411 12
1427 12
1474 12
1495 12
1501 12
1526 12
1547 12
1599 12
1613 12
1693 12
1719 12
1725 12
1736 12
176 12
1768 12
1780 12
1814 12
1846 12
1852 12
1867 12
1871 12
1901 12
1906 12
191 12
1916 12
1971 12
198 12
2026 12
2042 12
2061 12
2083 12
211 12
2110 12
2132 12
2136 12
2163 12
2168 12
2180 12
2223 12
2243 12
2249 12
2259 12
2281 12
2287 12
2293 12
2313 12
2378 12
2383 12
2497 12
2501 12
2514 12
2557 12
2562 12
2576 12
2577 12
2602 12
2621 12
2628 12
2630 12
2656 12
2667 12
2689 12
2741 12
275 12
2751 12
2804 12
2817 12
2821 12
283 12
2844 12
2861 12
2887 12
2905 12
2911 12
2928 12
2976 12
3003 12
3029 12
3059 12
308 12
3110 12
3113 12
3141 12
3142 12
3204 12
3253 12
3256 12
3259 12
3275 12
3279 12
328 12
3343 12
339 12
3441 12
3455 12
3489 12
350 12
3522 12
356 12
3588 12
3609 12
3619 12
3621 12
3639 12
3662 12
3688 12
3708 12
3718 12
3726 12
3764 12
381 12
3853 12
3861 12
3902 12
391 12
3918 12
3932 12
3986 12
3990 12
3999 12
4003 12
4004 12
4036 12
4075 12
4092 12
4101 12
4123 12
418 12
421 12
4215 12
424 12
4314 12
4336 12
4344 12
4419 12
4433 12
4434 12
4455 12
4456 12
4460 12
4463 12
4469 12
4487 12
4495 12
4506 12
4521 12
453 12
4531 12
4553 12
4555 12
4575 12
4589 12
4593 12
4596 12
4599 12
4612 12
4614 12
4625 12
4637 12
4650 12
4662 12
4672 12
4678 12
4680 12
4687 12
4689 12
4693 12
4701 12
4709 12
4718 12
4722 12
4727 12
4728 12
4732 12
4737 12
4749 12
4751 12
4755 12
4757 12
4787 12
4797 12
4809 12
4816 12
4825 12
4842 12
4849 12
4890 12
4906 12
4909 12
4937 12
4961 12
4977 12
4995 12
4998 12
5012 12
5085 12
5134 12
5141 12
5167 12
5175 12
5182 12
5223 12
5229 12
5233 12
5247 12
5257 12
5287 12
5307 12
5322 12
5330 12
5356 12
5393 12
5401 12
5406 12
5407 12
5467 12
5496 12
5530 12
5624 12
5629 12
5636 12
5660 12
5665 12
5732 12
5736 12
5752 12
5761 12
5763 12
5816 12
5827 12
5868 12
5869 12
5884 12
591 12
5912 12
5977 12
6037 12
6058 12
6080 12
6093 12
6097 12
6111 12
6135 12
6182 12
6224 12
6281 12
6283 12
6335 12
6439 12
6469 12
6490 12
6518 12
6638 12
6641 12
6671 12
6769 12
6773 12
6779 12
6795 12
6815 12
6824 12
6844 12
6845 12
6929 12
6934 12
7023 12
7027 12
7030 12
7052 12
7076 12
7091 12
7104 12
7166 12
7263 12
7304 12
7335 12
7371 12
7388 12
7415 12
7433 12
7470 12
7481 12
7487 12
7495 12
7581 12
7596 12
7604 12
7658 12
7752 12
7895 12
792 12
7948 12
7971 12
8014 12
8037 12
813 12
8226 12
8243 12
8266 12
8271 12
8403 12
8406 12
8410 12
8471 12
8580 12
8631 12
8687 12
869 12
8715 12
877 12
8781 12
8812 12
8850 12
8939 12
8950 12
8966 12
8971 12
8999 12
9047 12
9293 12
9396 12
9428 12
9528 12
9590 12
9637 12
9690 12
9700 12
9744 12
9764 12
996 12
1012 11
1103 11
1104 11
1129 11
1147 11
1152 11
1156 11
1174 11
1235 11
1260 11
1309 11
1325 11
1327 11
1328 11
1368 11
1375 11
1408 11
1425 11
145 11
1458 11
1467 11
150 11
1500 11
1513 11
1530 11
155 11
1673 11
1678 11
1689 11
1700 11
1704 11
1769 11
1793 11
1855 11
1893 11
1910 11
1933 11
1975 11
2000 11
2038 11
2051 11
2053 11
213 11
2143 11
2213 11
2216 11
2230 11
2256 11
2308 11
2310 11
2312 11
2326 11
2361 11
2366 11
2367 11
2382 11
2390 11
24 11
2405 11
2413 11
2426 11
2430 11
2432 11
2449 11
2463 11
2473 11
2480 11
25 11
2505 11
2570 11
2592 11
2597 11
2618 11
2643 11
2659 11
2694 11
2726 11
2782 11
284 11
2868 11
2897 11
2963 11
2966 11
2968 11
2971 11
2977 11
3013 11
3036 11
3099 11
3101 11
3105 11
3146 11
3178 11
3181 11
3187 11
3195 11
3238 11
3278 11
3280 11
3308 11
3325 11
3332 11
3418 11
344 11
3451 11
3485 11
349 11
3500 11
3563 11
3568 11
3569 11
3611 11
3613 11
3626 11
3650 11
3663 11
367 11
3675 11
3685 11
369 11
3699 11
3731 11
3735 11
3737 11
3748 11
3754 11
3756 11
3792 11
3794 11
3799 11
3800 11
3819 11
3823 11
3833 11
3872 11
3878 11
3881 11
3884 11
3909 11
3924 11
3944 11
3965 11
3979 11
4042 11
4080 11
4087 11
4127 11
4139 11
4164 11
4181 11
419 11
4191 11
4193 11
420 11
426 11
4383 11
4417 11
4445 11
4447 11
4450 11
4458 11
4466 11
4467 11
4468 11
4473 11
4488 11
4490 11
4500 11
4514 11
4542 11
4551 11
4559 11
4560 11
4571 11
4576 11
4584 11
4588 11
4591 11
4595 11
4623 11
463 11
4634 11
4643 11
4659 11
466 11
4666 11
4685 11
4692 11
4694 11
4704 11
4716 11
4733 11
4807 11
4823 11
4863 11
4887 11
4896 11
4907 11
4910 11
4916 11
4924 11
4944 11
4993 11
5004 11
5015 11
5052 11
5080 11
5147 11
5156 11
5200 11
5217 11
5244 11
5310 11
5311 11
5318 11
5321 11
5350 11
5368 11
5375 11
5413 11
5415 11
5436 11
5445 11
5462 11
5466 11
5478 11
5494 11
5507 11
5525 11
5532 11
554 11
5559 11
5562 11
5591 11
5596 11
5601 11
5633 11
5651 11
5654 11
5655 11
5661 11
5709 11
5726 11
5731 11
5757 11
5770 11
5824 11
5825 11
5838 11
5841 11
5848 11
5891 11
5944 11
5946 11
5947 11
5968 11
5978 11
6012 11
6013 11
6060 11
615 11
6166 11
6167 11
6194 11
6206 11
6218 11
6231 11
6236 11
6241 11
6245 11
6298 11
6309 11
6327 11
6329 11
6330 11
6355 11
6364 11
6370 11
6371 11
6383 11
6387 11
6388 11
6391 11
6396 11
6445 11
648 11
6504 11
6520 11
6550 11
6568 11
6576 11
6600 11
6634 11
6645 11
6667 11
6698 11
6700 11
672 11
6734 11
6775 11
6786 11
6802 11
6838 11
6839 11
6842 11
6849 11
6860 11
6872 11
6889 11
6935 11
6972 11
7053 11
7056 11
7060 11
7105 11
724 11
7248 11
7257 11
7319 11
7360 11
7373 11
7376 11
7387 11
7401 11
7404 11
7407 11
745 11
7456 11
7457 11
7464 11
7483 11
7488 11
758 11
7632 11
7635 11
7651 11
7673 11
7734 11
7757 11
7792 11
7812 11
7819 11
7935 11
7950 11
7986 11
8009 11
8011 11
8017 11
8042 11
8051 11
8072 11
8136 11
8195 11
8212 11
8246 11
8253 11
8257 11
8282 11
8294 11
8415 11
8427 11
8444 11
8458 11
8463 11
8510 11
8583 11
871 11
8759 11
8806 11
8882 11
8898 11
8900 11
8912 11
8974 11
9002 11
9013 11
9048 11
9108 11
9134 11
9143 11
9282 11
9311 11
9472 11
9502 11
9514 11
9519 11
9520 11
9534 11
9630 11
9634 11
9656 11
9703 11
9718 11
1128 10
1136 10
1144 10
1148 10
1163 10
1218 10
1226 10
124 10
1251 10
1280 10
1329 10
138 10
148 10
1487 10
1514 10
1516 10
1518 10
153 10
1560 10
1561 10
1562 10
1580 10
1610 10
1702 10
1800 10
1802 10
1853 10
1897 10
1958 10
2010 10
203 10
2048 10
2055 10
214 10
2158 10
2177 10
2204 10
2211 10
2242 10
2245 10
2257 10
2289 10
2323 10
2325 10
236 10
2369 10
2420 10
2472 10
2512 10
2513 10
2520 10
2530 10
2531 10
2544 10
2569 10
2623 10
2624 10
2633 10
2641 10
2653 10
2660 10
2669 10
2684 10
2693 10
2697 10
2710 10
2725 10
2748 10
2752 10
2758 10
2770 10
2787 10
2796 10
2799 10
2819 10
2855 10
2873 10
2913 10
2914 10
2915 10
2920 10
2930 10
2961 10
2985 10
3006 10
3016 10
3037 10
3045 10
3058 10
3063 10
3065 10
3092 10
3095 10
3097 10
3102 10
3129 10
317 10
3176 10
318 10
3180 10
322 10
3229 10
3260 10
3322 10
3355 10
3359 10
338 10
343 10
3475 10
351 10
3510 10
3514 10
3530 10
355 10
3587 10
3615 10
3620 10
3622 10
3633 10
3672 10
3674 10
3691 10
3717 10
372 10
3763 10
3767 10
3769 10
3772 10
3774 10
3785 10
3788 10
3793 10
380 10
382 10
3865 10
3876 10
3910 10
3931 10
3955 10
3997 10
4018 10
4025 10
4028 10
4034 10
4061 10
4076 10
4081 10
4088 10
4091 10
4119 10
4132 10
4138 10
4168 10
4169 10
4176 10
4178 10
4187 10
4202 10
4270 10
4288 10
4315 10
4328 10
4385 10
4483 10
4499 10
4505 10
4533 10
4535 10
4536 10
455 10
4586 10
4616 10
464 10
4644 10
4653 10
4654 10
4668 10
4676 10
4679 10
4696 10
4698 10
4705 10
4707 10
4717 10
4724 10
4725 10
4726 10
4747 10
4748 10
475 10
4756 10
4780 10
4783 10
4789 10
4792 10
4794 10
4795 10
4801 10
4808 10
4817 10
4818 10
4822 10
4826 10
483 10
4840 10
4911 10
4912 10
4917 10
4918 10
4940 10
5076 10
5130 10
5139 10
514 10
5151 10
5153 10
5170 10
5212 10
5214 10
5245 10
5367 10
5395 10
5398 10
5399 10
5418 10
5423 10
5426 10
5451 10
5479 10
5488 10
5497 10
5511 10
5517 10
5520 10
5522 10
5535 10
555 10
5579 10
5617 10
5623 10
5628 10
5652 10
5670 10
5676 10
5683 10
5691 10
5694 10
5704 10
5729 10
5734 10
5746 10
5773 10
5807 10
5823 10
5830 10
5867 10
5886 10
5909 10
5919 10
5964 10
6024 10
6026 10
6030 10
6076 10
6088 10
6109 10
6137 10
6140 10
6141 10
6145 10
6148 10
6154 10
6161 10
6164 10
6165 10
6168 10
6203 10
6222 10
6252 10
6256 10
6265 10
6267 10
6268 10
6317 10
6337 10
6343 10
6408 10
6431 10
6432 10
6438 10
6440 10
6446 10
6464 10
6467 10
6477 10
6509 10
6551 10
6557 10
6575 10
6635 10
6654 10
6699 10
6701 10
6703 10
6711 10
6720 10
6723 10
6735 10
6739 10
6743 10
6755 10
6761 10
6796 10
6822 10
6846 10
6848 10
6865 10
6866 10
6876 10
6895 10
6896 10
6900 10
6914 10
6942 10
6956 10
7037 10
7050 10
7051 10
7083 10
7088 10
7100 10
7103 10
7112 10
7161 10
7165 10
7189 10
7207 10
7212 10
7251 10
7255 10
7265 10
7316 10
7322 10
7365 10
7384 10
7386 10
7389 10
7391 10
7395 10
7419 10
7420 10
7425 10
7432 10
7436 10
7473 10
7478 10
7523 10
753 10
7532 10
7590 10
7602 10
7613 10
7620 10
7638 10
7657 10
7671 10
7677 10
7823 10
7850 10
7901 10
791 10
7943 10
7975 10
7990 10
7994 10
8033 10
8078 10
8090 10
8094 10
8151 10
8156 10
8178 10
818 10
8193 10
8231 10
8232 10
8272 10
8310 10
8319 10
8323 10
8355 10
8388 10
839 10
8412 10
8414 10
8421 10
8423 10
8439 10
8482 10
8521 10
853 10
8550 10
8577 10
8629 10
8651 10
8655 10
8656 10
8719 10
8754 10
8870 10
8877 10
8879 10
892 10
8953 10
8990 10
9064 10
9069 10
9075 10
9109 10
9152 10
9155 10
9165 10
9180 10
9195 10
9205 10
9208 10
9219 10
9238 10
9262 10
9345 10
9351 10
937 10
9397 10
9422 10
9485 10
9497 10
96 10
9619 10
9635 10
9646 10
9654 10
9708 10
1055 9
1060 9
1159 9
1171 9
1176 9
1240 9
1243 9
1256 9
1263 9
1273 9
1287 9
1313 9
1322 9
1330 9
1342 9
1371 9
1373 9
1462 9
1471 9
1472 9
1494 9
154 9
1559 9
1570 9
1575 9
1577 9
1583 9
1587 9
1606 9
161 9
1669 9
1674 9
168 9
1705 9
1732 9
1751 9
1752 9
1811 9
1817 9
186 9
1869 9
1925 9
1968 9
1985 9
1986 9
1989 9
2001 9
2033 9
2041 9
2065 9
2071 9
2091 9
2093 9
2095 9
2103 9
2123 9
2156 9
2160 9
2174 9
2193 9
2194 9
2195 9
2196 9
222 9
2224 9
2236 9
2247 9
2262 9
2278 9
2282 9
2288 9
230 9
2346 9
2357 9
2358 9
2363 9
240 9
2403 9
2408 9
2424 9
2461 9
2474 9
248 9
2481 9
2490 9
2522 9
253 9
2545 9
2559 9
2561 9
2581 9
2590 9
2638 9
2652 9
2662 9
2683 9
2704 9
2727 9
274 9
2743 9
2755 9
2832 9
2884 9
2888 9
2889 9
2899 9
2907 9
2929 9
297 9
2986 9
2992 9
2998 9
3019 9
3024 9
3027 9
3028 9
3042 9
3054 9
3060 9
3072 9
3090 9
311 9
3122 9
3185 9
3189 9
3208 9
3230 9
324 9
3243 9
3288 9
329 9
3303 9
3315 9
3357 9
3363 9
3387 9
3393 9
3403 9
3404 9
3414 9
3416 9
3471 9
3476 9
3479 9
3487 9
3488 9
3499 9
3558 9
3560 9
3602 9
3610 9
3643 9
3653 9
3666 9
3669 9
3679 9
368 9
3686 9
3701 9
3732 9
3786 9
3795 9
3806 9
3826 9
3827 9
3839 9
3845 9
3848 9
3856 9
3891 9
3893 9
3907 9
392 9
3922 9
3964 9
3982 9
3984 9
3993 9
3998 9
4014 9
4031 9
4047 9
4086 9
4090 9
410 9
4128 9
4135 9
4196 9
4249 9
4367 9
439 9
4442 9
4446 9
4471 9
4477 9
4481 9
4482 9
4484 9
4493 9
4510 9
4512 9
4515 9
4527 9
4540 9
4545 9
4546 9
4554 9
4564 9
4567 9
4598 9
460 9
4649 9
4669 9
4677 9
4697 9
4706 9
4708 9
4714 9
4720 9
4738 9
4764 9
4766 9
4772 9
4775 9
4778 9
4785 9
4806 9
4819 9
4820 9
4834 9
4843 9
4845 9
4847 9
4853 9
4854 9
4874 9
4891 9
4897 9
4903 9
4920 9
4923 9
4935 9
4960 9
4964 9
4965 9
4984 9
4989 9
4991 9
4994 9
5003 9
5010 9
5017 9
505 9
5059 9
5062 9
5094 9
5125 9
5154 9
5178 9
5191 9
5226 9
5232 9
5242 9
5243 9
5256 9
5259 9
5266 9
5293 9
5298 9
5312 9
5392 9
5441 9
5464 9
5484 9
5524 9
5592 9
5622 9
5667 9
5706 9
5742 9
5771 9
5777 9
5784 9
5815 9
5877 9
5885 9
5902 9
5915 9
5954 9
5972 9
5988 9
5995 9
5996 9
6011 9
6021 9
6022 9
6033 9
6072 9
6089 9
6101 9
6103 9
6122 9
6123 9
6139 9
6143 9
6149 9
6158 9
6177 9
6180 9
6201 9
6213 9
6216 9
6233 9
6294 9
6302 9
6305 9
6312 9
6315 9
6316 9
6321 9
6325 9
6341 9
6342 9
6345 9
6351 9
6357 9
6358 9
6398 9
6400 9
6401 9
6428 9
6434 9
6441 9
6451 9
6457 9
6470 9
6473 9
6478 9
6483 9
6497 9
6514 9
6519 9
6540 9
6563 9
6579 9
6582 9
6596 9
6664 9
6674 9
6678 9
6686 9
6691 9
6693 9
6694 9
670 9
6707 9
6712 9
6715 9
6732 9
6736 9
6738 9
6751 9
6752 9
68 9
6869 9
6870 9
6939 9
6965 9
6975 9
6978 9
6980 9
7008 9
7018 9
7026 9
7047 9
7098 9
7107 9
7110 9
7115 9
7128 9
7140 9
715 9
7150 9
7172 9
7185 9
7187 9
7196 9
7197 9
7202 9
7203 9
7214 9
7217 9
7219 9
7232 9
7233 9
7249 9
7252 9
7278 9
7294 9
7303 9
7306 9
7321 9
7333 9
7344 9
7369 9
7380 9
7394 9
7399 9
7416 9
7434 9
7437 9
7440 9
7444 9
7448 9
746 9
7460 9
7462 9
7482 9
7491 9
7500 9
7527 9
7574 9
7579 9
7608 9
7624 9
7660 9
7675 9
7680 9
77 9
7709 9
7710 9
7716 9
7729 9
7738 9
7740 9
7768 9
7787 9
7794 9
7809 9
7816 9
783 9
7854 9
7855 9
7857 9
7864 9
7867 9
7871 9
7880 9
7886 9
7898 9
7921 9
7929 9
7932 9
8027 9
8046 9
8050 9
8057 9
8061 9
8069 9
8073 9
8092 9
8115 9
8153 9
8162 9
8164 9
8177 9
8220 9
8229 9
8239 9
8241 9
8244 9
8248 9
8267 9
8275 9
8276 9
8279 9
8283 9
8286 9
8314 9
8339 9
8353 9
8366 9
8371 9
8375 9
84 9
8400 9
8401 9
8466 9
8483 9
8539 9
8586 9
8616 9
8635 9
8636 9
8654 9
8662 9
8667 9
8694 9
8752 9
8753 9
8824 9
8829 9
8878 9
8897 9
8930 9
8934 9
8943 9
9044 9
9051 9
9057 9
9086 9
9126 9
9132 9
9176 9
9181 9
9201 9
9231 9
9279 9
9288 9
9292 9
9309 9
9317 9
9413 9
9420 9
9431 9
9456 9
9460 9
9474 9
9484 9
9503 9
9510 9
9538 9
9540 9
9550 9
9551 9
9571 9
9579 9
9583 9
9595 9
9618 9
9650 9
9669 9
9715 9
9722 9
9725 9
9732 9
9767 9
1006 8
1010 8
102 8
1062 8
1066 8
1077 8
1088 8
1102 8
1119 8
1121 8
1137 8
115 8
1164 8
1225 8
1253 8
1276 8
1314 8
1334 8
1389 8
1459 8
1460 8
1468 8
1533 8
1602 8
1640 8
1650 8
1653 8
167 8
1685 8
1714 8
1738 8
1762 8
177 8
1788 8
1801 8
1816 8
1821 8
184 8
1841 8
187 8
1880 8
1888 8
1896 8
192 8
1931 8
1952 8
1963 8
1973 8
1984 8
1992 8
2003 8
2018 8
202 8
2027 8
2035 8
204 8
205 8
2060 8
207 8
2084 8
2100 8
2121 8
2131 8
2152 8
2159 8
2186 8
2198 8
220 8
2205 8
2231 8
225 8
2263 8
227 8
2272 8
2295 8
2304 8
2345 8
2349 8
2362 8
237 8
2380 8
2437 8
2445 8
2450 8
2482 8
251 8
2510 8
2517 8
2528 8
254 8
2548 8
2554 8
256 8
2573 8
258 8
2584 8
2594 8
2642 8
2661 8
2665 8
2681 8
2685 8
2691 8
2706 8
2724 8
2840 8
2842 8
2848 8
2869 8
2870 8
2874 8
2902 8
2908 8
2932 8
2941 8
2943 8
2980 8
2990 8
3000 8
3011 8
3074 8
3075 8
3083 8
3098 8
3116 8
3123 8
313 8
3138 8
3145 8
3172 8
3194 8
320 8
3216 8
3227 8
3236 8
3248 8
3296 8
3297 8
3298 8
3311 8
3345 8
3375 8
3395 8
3397 8
3477 8
352 8
3553 8
3556 8
3559 8
3582 8
3591 8
3608 8
3616 8
3630 8
3676 8
3690 8
370 8
3704 8
3713 8
3727 8
3740 8
3743 8
3759 8
3781 8
3817 8
3829 8
3852 8
3882 8
3885 8
3897 8
3917 8
3967 8
3972 8
4017 8
4029 8
4066 8
4078 8
4089 8
4095 8
4097 8
4113 8
4115 8
4147 8
4154 8
4180 8
4188 8
4200 8
422 8
4220 8
423 8
4237 8
4242 8
4286 8
429 8
4345 8
4366 8
4371 8
4435 8
4513 8
4516 8
4520 8
4523 8
4534 8
4562 8
4577 8
4578 8
4579 8
4583 8
4585 8
4587 8
4601 8
4620 8
4641 8
4648 8
4656 8
4660 8
4675 8
469 8
472 8
4721 8
4729 8
4731 8
4734 8
4742 8
4746 8
4750 8
4768 8
4791 8
4799 8
48 8
4800 8
4824 8
4832 8
4836 8
4838 8
4844 8
4855 8
4858 8
4860 8
4877 8
4879 8
4884 8
4886 8
4905 8
4915 8
4921 8
4930 8
4966 8
4967 8
4974 8
4992 8
5000 8
5008 8
5050 8
5072 8
5073 8
5074 8
5113 8
5126 8
5138 8
5161 8
5173 8
5183 8
5184 8
5260 8
5267 8
5278 8
5306 8
5315 8
5331 8
5345 8
5362 8
5377 8
5385 8
5410 8
5434 8
5482 8
5490 8
5515 8
5516 8
5603 8
5605 8
5610 8
5621 8
5640 8
5682 8
5684 8
5693 8
570 8
5715 8
5719 8
5739 8
5755 8
5758 8
5760 8
5762 8
5772 8
5775 8
5780 8
5782 8
5820 8
5834 8
5850 8
5853 8
5862 8
5874 8
5880 8
5890 8
5899 8
5921 8
5929 8
5935 8
5943 8
5974 8
5976 8
5984 8
5990 8
5993 8
6003 8
6007 8
6008 8
6023 8
6049 8
6086 8
6102 8
6104 8
6110 8
6116 8
6128 8
6133 8
6136 8
614 8
6146 8
6155 8
6156 8
616 8
6169 8
6170 8
6178 8
6185 8
6193 8
6199 8
6205 8
6209 8
6214 8
6217 8
6219 8
6220 8
6238 8
6246 8
6249 8
6270 8
6280 8
6287 8
6304 8
6313 8
6331 8
6338 8
6340 8
6366 8
6377 8
6380 8
6382 8
6427 8
6429 8
6475 8
6481 8
6496 8
6498 8
6502 8
6503 8
6512 8
6513 8
6517 8
6522 8
6530 8
6533 8
6534 8
6538 8
6548 8
6554 8
6572 8
6590 8
6598 8
6599 8
6607 8
6615 8
6616 8
6617 8
6626 8
6639 8
6640 8
6649 8
6673 8
6688 8
6697 8
6708 8
6737 8
6746 8
6790 8
6792 8
6818 8
6825 8
6826 8
6843 8
6894 8
6945 8
6950 8
7001 8
7017 8
7042 8
7147 8
7158 8
7163 8
7177 8
7179 8
7186 8
7199 8
7210 8
7213 8
7231 8
7242 8
7243 8
7244 8
7262 8
7275 8
7279 8
7280 8
7290 8
7340 8
7345 8
7349 8
7351 8
7361 8
7363 8
7364 8
7366 8
7375 8
7377 8
7390 8
7402 8
7421 8
7430 8
7431 8
7435 8
7439 8
7447 8
7452 8
7455 8
7459 8
7474 8
7476 8
7485 8
7496 8
7506 8
7529 8
7538 8
7541 8
7553 8
7563 8
7586 8
7588 8
7597 8
7598 8
7600 8
7607 8
7609 8
7616 8
7628 8
7649 8
7654 8
7676 8
7682 8
7695 8
7698 8
7733 8
7745 8
7758 8
7779 8
7781 8
7786 8
7803 8
7825 8
7842 8
7875 8
7887 8
7924 8
7927 8
7959 8
7963 8
8039 8
8041 8
8080 8
8197 8
8211 8
8219 8
8222 8
8236 8
8237 8
8238 8
8259 8
8265 8
8269 8
8277 8
8284 8
8289 8
8303 8
831 8
8311 8
833 8
8330 8
8363 8
8408 8
8454 8
8480 8
8484 8
8489 8
8552 8
8563 8
8564 8
8574 8
8628 8
8641 8
8645 8
8649 8
8653 8
8658 8
8665 8
8680 8
8690 8
8707 8
8718 8
8724 8
8728 8
8734 8
8738 8
8743 8
8761 8
8766 8
8817 8
8840 8
8846 8
8867 8
8925 8
8929 8
8932 8
8962 8
8979 8
8984 8
8987 8
8998 8
9006 8
902 8
9020 8
9035 8
9036 8
9058 8
9103 8
9135 8
9141 8
9142 8
9144 8
9148 8
9179 8
9182 8
9214 8
9221 8
9228 8
9229 8
9233 8
9241 8
9250 8
9254 8
9256 8
9268 8
9276 8
9283 8
9284 8
9308 8
9312 8
9315 8
9320 8
9330 8
9337 8
9339 8
9341 8
9342 8
9343 8
9358 8
9360 8
9363 8
9364 8
9365 8
9366 8
9369 8
9399 8
9430 8
9463 8
9467 8
9482 8
9496 8
9500 8
9522 8
9524 8
9526 8
9529 8
9533 8
9537 8
9546 8
9553 8
9561 8
9565 8
9569 8
9570 8
9572 8
9592 8
9621 8
9622 8
9636 8
9645 8
9647 8
9663 8
9673 8
9675 8
9683 8
9686 8
9702 8
9710 8
9712 8
9720 8
9729 8
9765 8
9766 8
9768 8
1002 7
103 7
1083 7
1114 7
1138 7
1140 7
1161 7
1184 7
1228 7
1292 7
130 7
1317 7
133 7
1340 7
1364 7
1374 7
1386 7
1412 7
1421 7
1443 7
1450 7
1466 7
151 7
1539 7
1542 7
1572 7
1586 7
1589 7
1595 7
1600 7
1619 7
1629 7
1672 7
1684 7
1697 7
1729 7
173 7
1734 7
1757 7
1765 7
1785 7
1818 7
1826 7
1829 7
1832 7
185 7
1857 7
1862 7
1870 7
1873 7
1887 7
1895 7
190 7
1927 7
1945 7
1962 7
1997 7
2023 7
2043 7
2072 7
2089 7
2116 7
2117 7
2128 7
2135 7
216 7
2183 7
2201 7
2212 7
2250 7
2271 7
2327 7
2331 7
2355 7
2406 7
2453 7
2462 7
2468 7
2493 7
2508 7
2516 7
2521 7
2525 7
2550 7
2560 7
257 7
2585 7
2601 7
2603 7
2608 7
2613 7
2616 7
2617 7
2619 7
2622 7
2634 7
2635 7
2636 7
2639 7
2645 7
2647 7
2655 7
2673 7
2675 7
2688 7
2690 7
2695 7
2698 7
2699 7
2728 7
2735 7
2736 7
2784 7
2808 7
2818 7
2828 7
2829 7
2852 7
2860 7
2864 7
2866 7
2892 7
2895 7
2909 7
292 7
2949 7
2958 7
2982 7
2999 7
303 7
3044 7
3046 7
3048 7
3066 7
3085 7
3091 7
310 7
3111 7
3117 7
3125 7
3140 7
3148 7
3166 7
3190 7
3228 7
325 7
3261 7
3293 7
3321 7
3324 7
3327 7
3333 7
3341 7
3347 7
3352 7
3353 7
3358 7
3360 7
3361 7
3365 7
3383 7
3388 7
3390 7
3408 7
3410 7
3411 7
3427 7
3448 7
3473 7
3509 7
3566 7
3579 7
359 7
3599 7
36 7
3614 7
364 7
3670 7
3682 7
3722 7
3741 7
3752 7
3776 7
379 7
3791 7
3797 7
3805 7
3808 7
3809 7
3811 7
3864 7
3883 7
3896 7
3899 7
3925 7
3930 7
3934 7
4000 7
4013 7
404 7
4117 7
4131 7
4136 7
4153 7
4184 7
4185 7
4209 7
4219 7
4226 7
4230 7
4263 7
4295 7
4297 7
4301 7
4305 7
431 7
4320 7
4325 7
4330 7
4347 7
4382 7
4393 7
4410 7
4420 7
4427 7
4464 7
4465 7
4486 7
4509 7
4539 7
4541 7
4544 7
4548 7
4549 7
4557 7
4572 7
4592 7
4594 7
4604 7
4609 7
4615 7
462 7
4622 7
4633 7
4635 7
4645 7
4647 7
4657 7
4661 7
4673 7
4674 7
4684 7
4695 7
4712 7
4735 7
4740 7
4758 7
4762 7
4769 7
4773 7
4782 7
4786 7
481 7
4810 7
482 7
4821 7
4852 7
4864 7
4871 7
4873 7
4892 7
4893 7
4895 7
4899 7
4933 7
4953 7
4979 7
4980 7
4983 7
4996 7
4999 7
5021 7
5029 7
5063 7
5066 7
5098 7
5100 7
5103 7
5136 7
5152 7
5189 7
5202 7
5207 7
5210 7
5228 7
5273 7
5276 7
5281 7
5282 7
5294 7
5296 7
5299 7
5324 7
5337 7
5349 7
535 7
5351 7
5352 7
5378 7
5397 7
5414 7
5431 7
5471 7
5483 7
549 7
5500 7
5504 7
5518 7
5521 7
5528 7
5534 7
5540 7
5570 7
5573 7
5598 7
5639 7
5687 7
5689 7
5741 7
5745 7
5748 7
576 7
5765 7
5766 7
5767 7
5790 7
5792 7
5795 7
5805 7
5813 7
5842 7
5843 7
5844 7
5858 7
5870 7
5878 7
5879 7
5916 7
5917 7
5924 7
5941 7
5948 7
5949 7
5955 7
5966 7
5971 7
5979 7
5986 7
5997 7
5999 7
60 7
6002 7
6004 7
6039 7
6061 7
6115 7
6120 7
6121 7
6127 7
6131 7
6138 7
6144 7
6147 7
6157 7
6173 7
6179 7
6183 7
6186 7
6188 7
6191 7
6221 7
6229 7
6243 7
6260 7
6264 7
6266 7
6271 7
6279 7
6289 7
6310 7
6333 7
6339 7
6349 7
6360 7
6362 7
6373 7
6375 7
6390 7
6393 7
6395 7
6415 7
6416 7
6433 7
6436 7
6437 7
6485 7
6491 7
6515 7
6521 7
6543 7
6558 7
6559 7
6564 7
6573 7
6581 7
6609 7
6620 7
6625 7
6630 7
6644 7
6657 7
6681 7
6695 7
6704 7
6710 7
6740 7
6748 7
6756 7
6763 7
6764 7
6768 7
6770 7
6782 7
6783 7
6791 7
6803 7
6808 7
6830 7
6832 7
6859 7
6881 7
6887 7
6898 7
6915 7
6920 7
6941 7
6944 7
6960 7
6962 7
6979 7
6983 7
6993 7
7029 7
7055 7
7069 7
7085 7
7089 7
7116 7
7137 7
7139 7
7141 7
7148 7
7170 7
7176 7
7178 7
7188 7
7206 7
7218 7
7227 7
7256 7
7260 7
7271 7
7281 7
7285 7
7286 7
7293 7
7308 7
7314 7
7334 7
7346 7
7347 7
7350 7
7352 7
7353 7
7359 7
7393 7
7396 7
7397 7
7403 7
7405 7
7406 7
7412 7
7413 7
7414 7
7422 7
7423 7
7438 7
7446 7
7451 7
7454 7
7463 7
7469 7
7475 7
7490 7
7499 7
7501 7
7518 7
7521 7
7528 7
7531 7
7534 7
7539 7
7540 7
7544 7
7552 7
7555 7
7556 7
7560 7
7562 7
7571 7
7572 7
7575 7
7578 7
7580 7
7601 7
7603 7
7611 7
7619 7
7629 7
7631 7
7636 7
7641 7
7643 7
7663 7
7666 7
7681 7
7683 7
7690 7
7691 7
7694 7
7700 7
7713 7
7715 7
7721 7
7726 7
7753 7
7760 7
7761 7
7770 7
7773 7
7806 7
7807 7
7814 7
7826 7
7843 7
7845 7
7856 7
7870 7
788 7
7884 7
7909 7
7919 7
7926 7
7930 7
7931 7
7933 7
7946 7
8021 7
8026 7
8040 7
8045 7
8055 7
8099 7
81 7
8101 7
8135 7
8152 7
8154 7
8167 7
8194 7
8202 7
8216 7
8221 7
8261 7
8264 7
8268 7
8270 7
8273 7
8278 7
8281 7
8288 7
8291 7
8298 7
8301 7
8315 7
8335 7
8338 7
8346 7
8359 7
8376 7
8379 7
8383 7
8384 7
8392 7
8395 7
8404 7
8405 7
8448 7
8455 7
8478 7
8487 7
8529 7
8540 7
8555 7
8567 7
8571 7
8584 7
8587 7
8590 7
8594 7
8607 7
8611 7
8617 7
8634 7
8646 7
8648 7
8657 7
8661 7
8669 7
8692 7
8698 7
8700 7
8709 7
8713 7
8720 7
8721 7
8722 7
8723 7
8731 7
8745 7
8750 7
8756 7
8779 7
8791 7
88 7
8830 7
8834 7
8845 7
8851 7
8854 7
8876 7
8885 7
8892 7
8901 7
8924 7
8926 7
8942 7
8963 7
9005 7
9045 7
9061 7
9068 7
9081 7
9092 7
91 7
9105 7
9111 7
9112 7
9120 7
9156 7
9157 7
9167 7
9178 7
9185 7
9207 7
9215 7
9217 7
9218 7
9226 7
9232 7
9237 7
9240 7
9242 7
9244 7
9246 7
925 7
9258 7
9260 7
9263 7
9264 7
9265 7
9271 7
9273 7
9275 7
9278 7
9286 7
9291 7
9294 7
9295 7
9296 7
9300 7
9305 7
9310 7
9318 7
9319 7
9322 7
9324 7
9327 7
9328 7
9329 7
9331 7
9338 7
9344 7
9349 7
9350 7
9352 7
9362 7
9383 7
9411 7
9414 7
9421 7
9425 7
9434 7
9449 7
9457 7
9468 7
9477 7
9488 7
9541 7
9549 7
9555 7
9556 7
9562 7
9567 7
9587 7
9589 7
9593 7
9607 7
9624 7
9627 7
9633 7
9642 7
9649 7
9671 7
9688 7
9693 7
9705 7
9726 7
9743 7
9745 7
9756 7
986 7
995 7
1100 6
114 6
1192 6
1194 6
126 6
1318 6
1319 6
1359 6
1380 6
1430 6
147 6
1504 6
1520 6
1578 6
158 6
1585 6
1594 6
160 6
1636 6
1645 6
1652 6
1663 6
1686 6
169 6
1694 6
1708 6
1760 6
1764 6
1770 6
1792 6
1876 6
188 6
1892 6
1921 6
1930 6
1940 6
1946 6
1947 6
195 6
1957 6
2005 6
2016 6
2075 6
2082 6
2111 6
2115 6
212 6
2124 6
2129 6
2134 6
2139 6
2187 6
2188 6
22 6
2220 6
2229 6
224 6
228 6
229 6
2309 6
2317 6
2319 6
2341 6
2342 6
238 6
2412 6
2423 6
2427 6
2428 6
2448 6
2459 6
246 6
2469 6
2470 6
2484 6
249 6
2491 6
2496 6
2499 6
2515 6
2537 6
2539 6
255 6
2555 6
2563 6
2579 6
2580 6
2587 6
2591 6
2604 6
2614 6
2620 6
2625 6
2627 6
2629 6
2631 6
2637 6
2648 6
2654 6
2663 6
2664 6
2668 6
2674 6
2677 6
2682 6
2686 6
2705 6
2707 6
2739 6
2747 6
2762 6
2771 6
2780 6
2803 6
2816 6
2837 6
2877 6
2893 6
2896 6
2923 6
2924 6
2925 6
2936 6
2937 6
2962 6
2964 6
2987 6
2994 6
3004 6
3009 6
301 6
3022 6
3053 6
3057 6
3096 6
3100 6
3103 6
3108 6
3120 6
3130 6
3137 6
3139 6
3150 6
3154 6
3158 6
3169 6
3175 6
3177 6
3186 6
3198 6
3209 6
321 6
3233 6
3240 6
3251 6
3252 6
3255 6
3265 6
3282 6
3283 6
3285 6
3290 6
3291 6
3301 6
3304 6
3314 6
3373 6
3379 6
3399 6
341 6
3444 6
3454 6
3457 6
3468 6
3472 6
3481 6
3484 6
3492 6
3493 6
3511 6
3515 6
3548 6
3550 6
3562 6
3578 6
3597 6
3606 6
361 6
362 6
3645 6
366 6
3661 6
3673 6
3695 6
3702 6
3723 6
3725 6
3733 6
3761 6
3773 6
3782 6
3796 6
3849 6
3877 6
3888 6
390 6
3900 6
3913 6
3919 6
3928 6
3981 6
401 6
4030 6
4070 6
4084 6
4085 6
4099 6
4109 6
4141 6
415 6
4186 6
4190 6
4210 6
4217 6
4275 6
4279 6
430 6
4321 6
4362 6
4364 6
4374 6
4388 6
4411 6
4414 6
4439 6
4448 6
4451 6
4459 6
446 6
4478 6
4492 6
4517 6
4524 6
4526 6
4538 6
456 6
4573 6
4617 6
4629 6
4655 6
4658 6
4682 6
4686 6
4688 6
470 6
4700 6
4703 6
4710 6
474 6
4753 6
4754 6
4759 6
4767 6
4790 6
4798 6
4805 6
4815 6
4831 6
4848 6
4850 6
4857 6
4859 6
486 6
4870 6
4875 6
4876 6
4888 6
4898 6
4901 6
4913 6
4934 6
4958 6
4969 6
5007 6
5011 6
5019 6
5069 6
5070 6
5077 6
5099 6
5120 6
5142 6
5198 6
5201 6
5211 6
5238 6
5240 6
5262 6
5264 6
5270 6
5272 6
5280 6
5284 6
5291 6
5313 6
5323 6
5363 6
5374 6
5382 6
5394 6
5452 6
5453 6
5457 6
5475 6
5480 6
5487 6
5498 6
5508 6
5513 6
5527 6
5572 6
5585 6
5608 6
5609 6
5613 6
5630 6
5632 6
5637 6
5672 6
5678 6
5680 6
5721 6
5725 6
5738 6
5740 6
5743 6
5744 6
5753 6
5759 6
5791 6
5814 6
5821 6
5831 6
5839 6
5860 6
5866 6
5875 6
5883 6
5892 6
5895 6
5900 6
5901 6
5920 6
5927 6
5937 6
5939 6
5940 6
5942 6
5951 6
5957 6
5958 6
5959 6
5961 6
5962 6
5963 6
5967 6
5975 6
5981 6
5989 6
6005 6
6017 6
6096 6
6099 6
6113 6
6118 6
6150 6
6162 6
6172 6
6174 6
6175 6
6192 6
6207 6
6208 6
6223 6
6230 6
6255 6
6257 6
6259 6
6261 6
6263 6
6272 6
6284 6
6286 6
6288 6
6290 6
6293 6
6296 6
6301 6
6303 6
6306 6
6320 6
6322 6
6323 6
6324 6
6347 6
6350 6
6353 6
6354 6
6356 6
6359 6
6369 6
6374 6
6379 6
6381 6
6385 6
6389 6
6397 6
6403 6
6405 6
6409 6
6421 6
6423 6
6424 6
6426 6
6430 6
6442 6
6447 6
6452 6
6458 6
6462 6
6471 6
6480 6
6484 6
6492 6
6494 6
6499 6
6501 6
6505 6
6506 6
6507 6
6508 6
6516 6
6531 6
6539 6
6546 6
6556 6
6560 6
6561 6
6566 6
6567 6
6574 6
6578 6
6585 6
6589 6
6593 6
6597 6
6612 6
6614 6
6619 6
6622 6
6651 6
6660 6
6672 6
6684 6
6685 6
6725 6
6741 6
6759 6
6762 6
6767 6
6772 6
6776 6
6777 6
6778 6
6781 6
6784 6
6798 6
6799 6
6800 6
6806 6
6809 6
6810 6
686 6
6878 6
6893 6
6899 6
6901 6
6903 6
6906 6
6907 6
6908 6
6912 6
6932 6
6943 6
6953 6
6954 6
6955 6
6958 6
6976 6
6977 6
6985 6
6986 6
6997 6
7003 6
7012 6
7019 6
7062 6
7063 6
7067 6
7068 6
7072 6
7074 6
7095 6
7111 6
7120 6
7124 6
7125 6
7132 6
7133 6
7134 6
7136 6
7145 6
7149 6
7151 6
7152 6
7153 6
7154 6
7155 6
7159 6
7160 6
7162 6
7164 6
7171 6
7175 6
7181 6
7183 6
7191 6
7194 6
7198 6
72 6
7205 6
7208 6
7211 6
7215 6
7216 6
7224 6
7229 6
7237 6
7239 6
7247 6
7259 6
7267 6
7269 6
7272 6
7273 6
7274 6
7284 6
7298 6
7309 6
7312 6
7315 6
7326 6
7328 6
7331 6
7336 6
7337 6
7343 6
7378 6
7385 6
7408 6
7411 6
7442 6
7465 6
7466 6
7471 6
7477 6
7480 6
7486 6
7493 6
7494 6
7498 6
7505 6
7510 6
7511 6
7519 6
7522 6
7530 6
7536 6
7537 6
7542 6
7545 6
7546 6
7547 6
7551 6
7561 6
7565 6
7566 6
7569 6
7570 6
7577 6
7584 6
7587 6
7589 6
7591 6
7594 6
7612 6
7618 6
7625 6
7640 6
7646 6
7662 6
7664 6
7667 6
7669 6
7685 6
7686 6
7687 6
7689 6
7692 6
7693 6
7699 6
7702 6
7705 6
7717 6
7722 6
7723 6
7735 6
7737 6
7739 6
7750 6
7765 6
7772 6
7793 6
7795 6
7800 6
7802 6
7808 6
7810 6
7811 6
7818 6
7821 6
7824 6
7827 6
7830 6
7831 6
7833 6
7834 6
7847 6
7858 6
7859 6
7862 6
7863 6
7877 6
7885 6
7902 6
7907 6
7917 6
7922 6
7925 6
7947 6
7952 6
7968 6
7995 6
7996 6
8015 6
8056 6
8065 6
8070 6
8071 6
8076 6
8077 6
8085 6
8086 6
8088 6
8097 6
8098 6
8100 6
8102 6
8105 6
8108 6
8110 6
8146 6
8149 6
8150 6
8155 6
8170 6
8173 6
8174 6
8181 6
8198 6
8201 6
8224 6
8227 6
8250 6
8255 6
8258 6
8292 6
8295 6
8297 6
8299 6
8304 6
8305 6
8306 6
8307 6
8324 6
8331 6
8347 6
8349 6
8356 6
8357 6
8365 6
8368 6
8369 6
8372 6
8381 6
8399 6
8411 6
8434 6
8437 6
8445 6
8451 6
8452 6
8457 6
8459 6
8461 6
8464 6
8465 6
8492 6
8494 6
8497 6
8516 6
8522 6
8525 6
8542 6
8545 6
8547 6
8549 6
8554 6
8559 6
8569 6
8582 6
8599 6
8600 6
8604 6
8608 6
8609 6
8612 6
8625 6
8626 6
8633 6
8639 6
8642 6
8672 6
8677 6
8686 6
8691 6
8711 6
8717 6
8732 6
8733 6
8735 6
8736 6
8739 6
8740 6
8744 6
8746 6
8748 6
8749 6
8758 6
8769 6
8774 6
8775 6
8777 6
8789 6
8828 6
8831 6
8844 6
8847 6
8858 6
8865 6
8889 6
89 6
8918 6
8945 6
8958 6
8961 6
8975 6
8981 6
8988 6
9007 6
9031 6
9032 6
904 6
9043 6
9046 6
9056 6
9065 6
9078 6
9083 6
9098 6
9106 6
9113 6
9133 6
9140 6
9150 6
9160 6
9177 6
9187 6
9192 6
9194 6
9197 6
9206 6
9213 6
9224 6
9234 6
9235 6
9236 6
9239 6
9243 6
9245 6
9248 6
9252 6
9267 6
9272 6
9285 6
9290 6
9297 6
9302 6
9303 6
9307 6
9313 6
9321 6
9323 6
9326 6
9332 6
9336 6
9340 6
9347 6
9348 6
9357 6
9359 6
9361 6
9374 6
9387 6
9389 6
9392 6
9393 6
9406 6
9407 6
9408 6
9417 6
9419 6
9424 6
9429 6
9432 6
9451 6
9453 6
9462 6
9466 6
9479 6
9481 6
9483 6
9487 6
9495 6
9506 6
9508 6
9511 6
9521 6
9523 6
9531 6
9545 6
9548 6
955 6
9557 6
9560 6
9564 6
9568 6
9574 6
9577 6
9588 6
9599 6
9605 6
9608 6
9611 6
9614 6
9617 6
9628 6
9631 6
9640 6
9655 6
9658 6
9659 6
9662 6
9665 6
9676 6
9677 6
9684 6
9696 6
9709 6
9717 6
9719 6
9730 6
9733 6
9736 6
9737 6
9739 6
9751 6
9753 6
9754 6
9770 6
98 6
100 5
1090 5
1131 5
1157 5
1191 5
1227 5
1245 5
125 5
1269 5
128 5
1288 5
129 5
1299 5
1304 5
1316 5
132 5
1320 5
1409 5
1435 5
1473 5
1510 5
152 5
1524 5
1532 5
1534 5
1548 5
1555 5
1576 5
1627 5
1631 5
165 5
1660 5
170 5
1701 5
1707 5
1709 5
1746 5
1763 5
1766 5
1775 5
1779 5
1782 5
179 5
1806 5
1807 5
1823 5
1825 5
1831 5
1837 5
1839 5
1863 5
1924 5
1938 5
1950 5
1970 5
1981 5
199 5
2009 5
201 5
2019 5
2021 5
2025 5
2028 5
2045 5
2049 5
206 5
2074 5
2080 5
2081 5
209 5
2105 5
2106 5
2107 5
2141 5
2150 5
218 5
2199 5
221 5
2227 5
2246 5
2253 5
2254 5
226 5
2268 5
2269 5
2279 5
2294 5
2302 5
2306 5
2307 5
2315 5
2328 5
233 5
2337 5
2338 5
2374 5
239 5
2393 5
2399 5
2400 5
2401 5
2416 5
2418 5
2422 5
2429 5
2434 5
2436 5
2438 5
2439 5
244 5
2440 5
2460 5
2488 5
2519 5
2524 5
2532 5
2534 5
2542 5
2565 5
2572 5
2589 5
2599 5
2600 5
2607 5
2615 5
262 5
2626 5
2632 5
2644 5
2646 5
2649 5
2650 5
2651 5
266 5
2666 5
2670 5
2671 5
2672 5
2679 5
2680 5
2687 5
2692 5
2696 5
2700 5
2701 5
2703 5
2714 5
2730 5
2753 5
2777 5
2791 5
2794 5
28 5
2823 5
287 5
2891 5
2898 5
2904 5
2927 5
2938 5
2947 5
2950 5
2967 5
299 5
3014 5
3035 5
3052 5
3076 5
3080 5
3107 5
3109 5
3114 5
3118 5
3121 5
3131 5
3134 5
315 5
3162 5
3179 5
3184 5
3191 5
3200 5
3215 5
3225 5
3231 5
3232 5
3286 5
3302 5
331 5
3320 5
3340 5
3356 5
336 5
337 5
3391 5
3392 5
3394 5
3396 5
3398 5
3413 5
3439 5
3440 5
3447 5
3458 5
3467 5
3480 5
3482 5
3491 5
3505 5
358 5
3585 5
3652 5
3656 5
3687 5
3693 5
3697 5
3703 5
3711 5
3728 5
3729 5
3736 5
3739 5
3779 5
3780 5
3802 5
3807 5
3810 5
3815 5
3825 5
3858 5
3859 5
388 5
3886 5
389 5
3906 5
3911 5
3916 5
3926 5
393 5
396 5
397 5
399 5
4032 5
4044 5
4045 5
4079 5
4111 5
4114 5
4118 5
412 5
4121 5
4122 5
4125 5
4137 5
4151 5
4157 5
416 5
4165 5
4189 5
4192 5
4207 5
4208 5
4213 5
4214 5
4216 5
4218 5
4248 5
4260 5
427 5
4293 5
4308 5
4338 5
4340 5
435 5
436 5
4365 5
4376 5
4380 5
4392 5
4431 5
4476 5
4501 5
4519 5
4528 5
4556 5
4569 5
457 5
4618 5
4619 5
4626 5
4628 5
4630 5
4638 5
4670 5
468 5
4736 5
4741 5
4744 5
4763 5
477 5
4776 5
4784 5
4802 5
4804 5
4811 5
4814 5
4833 5
4837 5
4841 5
4846 5
4869 5
4878 5
4880 5
4922 5
4926 5
4931 5
4947 5
4951 5
4972 5
4973 5
4988 5
499 5
5002 5
5013 5
5018 5
5020 5
5081 5
5089 5
5093 5
5104 5
5168 5
5171 5
5185 5
5246 5
5253 5
5275 5
5286 5
5290 5
5297 5
5316 5
5319 5
5329 5
5334 5
5357 5
5380 5
5388 5
5390 5
5404 5
5420 5
5425 5
5432 5
5438 5
5439 5
5446 5
5449 5
5454 5
5468 5
5476 5
5492 5
5501 5
5502 5
5514 5
5533 5
5545 5
5569 5
5583 5
5642 5
5646 5
5657 5
5708 5
5722 5
5747 5
5776 5
5779 5
5785 5
5789 5
5797 5
5835 5
5837 5
5840 5
5849 5
5856 5
5872 5
5887 5
5888 5
5889 5
5896 5
5897 5
5907 5
5928 5
5945 5
5950 5
5953 5
5983 5
5998 5
6016 5
6078 5
6081 5
6094 5
6108 5
6112 5
6119 5
6125 5
6130 5
6152 5
6171 5
6181 5
6195 5
6198 5
6202 5
6215 5
6227 5
6234 5
6239 5
6240 5
6248 5
6254 5
6262 5
6269 5
627 5
6274 5
6276 5
6277 5
6282 5
6285 5
6295 5
6297 5
6299 5
6307 5
6308 5
6311 5
6319 5
6326 5
6328 5
6334 5
6336 5
6344 5
6346 5
6352 5
6361 5
6363 5
6368 5
6392 5
6399 5
6404 5
6407 5
6410 5
6418 5
6419 5
6422 5
6435 5
6450 5
6453 5
6454 5
6472 5
6487 5
6495 5
6500 5
6510 5
6523 5
6524 5
6525 5
6529 5
6544 5
6547 5
6555 5
6562 5
6565 5
6569 5
6571 5
6577 5
6584 5
6588 5
6591 5
6592 5
6601 5
6602 5
6603 5
6604 5
6605 5
6606 5
6608 5
6610 5
6618 5
6621 5
6623 5
6624 5
6637 5
6648 5
6650 5
6656 5
6659 5
6668 5
6676 5
6683 5
6687 5
6690 5
6705 5
6709 5
6716 5
6721 5
6722 5
6728 5
6730 5
6733 5
6747 5
6758 5
6765 5
6766 5
6771 5
6785 5
6788 5
6789 5
6794 5
6804 5
6811 5
6875 5
6877 5
6884 5
6885 5
6886 5
6891 5
6892 5
6902 5
6904 5
6909 5
6910 5
6911 5
6913 5
6924 5
6938 5
6952 5
6959 5
6961 5
6963 5
6964 5
6969 5
6981 5
6992 5
6996 5
6998 5
6999 5
7000 5
7004 5
7006 5
7007 5
7009 5
7011 5
7015 5
7020 5
7022 5
7031 5
7035 5
7061 5
7075 5
7079 5
7093 5
7096 5
7097 5
7114 5
7122 5
7123 5
7129 5
7130 5
7131 5
7135 5
7138 5
7142 5
7143 5
7156 5
7157 5
7167 5
7173 5
7174 5
7180 5
7182 5
7184 5
7190 5
7192 5
7193 5
7195 5
7200 5
7201 5
7209 5
7220 5
7221 5
7222 5
7226 5
7230 5
7235 5
7236 5
7240 5
7241 5
7246 5
7250 5
7264 5
7266 5
7268 5
7270 5
7276 5
7277 5
7282 5
7283 5
7287 5
7288 5
729 5
7302 5
7311 5
7317 5
7324 5
7325 5
7327 5
7329 5
7341 5
7342 5
7355 5
7362 5
7374 5
7379 5
7381 5
7382 5
7383 5
7398 5
7410 5
7418 5
7424 5
7426 5
7445 5
7449 5
7453 5
7458 5
7467 5
7468 5
7472 5
7479 5
7492 5
7497 5
7502 5
7503 5
7507 5
7508 5
7509 5
7512 5
7513 5
7514 5
7515 5
7516 5
7517 5
7520 5
7524 5
7525 5
7526 5
7533 5
7543 5
7548 5
7549 5
7558 5
7567 5
7568 5
7573 5
7576 5
7583 5
7585 5
7592 5
7593 5
76 5
7606 5
7610 5
7617 5
7622 5
7627 5
7633 5
7637 5
7645 5
7648 5
7650 5
7655 5
7668 5
7670 5
7679 5
7684 5
7688 5
7696 5
7697 5
7701 5
7703 5
7704 5
7711 5
7718 5
7724 5
7725 5
7727 5
7741 5
7743 5
7754 5
7755 5
7756 5
7759 5
7763 5
7767 5
7769 5
7778 5
7780 5
7783 5
7789 5
7790 5
7791 5
7796 5
7797 5
7798 5
7801 5
7804 5
7813 5
7817 5
7828 5
7829 5
7832 5
7835 5
7837 5
7838 5
7839 5
7840 5
7841 5
7848 5
7849 5
7852 5
7861 5
7869 5
7878 5
7879 5
7881 5
7882 5
7883 5
7896 5
7905 5
7914 5
7923 5
7928 5
7934 5
794 5
8013 5
8018 5
8031 5
8034 5
8035 5
8059 5
8060 5
8062 5
8064 5
8066 5
8067 5
8068 5
8074 5
8075 5
8079 5
8081 5
8082 5
8083 5
8084 5
8087 5
8089 5
8091 5
8095 5
8096 5
8103 5
8104 5
8106 5
8107 5
8111 5
8112 5
8113 5
8114 5
8116 5
8131 5
8137 5
8142 5
8145 5
8147 5
8148 5
8161 5
8165 5
8168 5
8169 5
8171 5
8172 5
8186 5
8187 5
8190 5
8192 5
8200 5
8203 5
8206 5
8207 5
8209 5
8210 5
8247 5
8249 5
8256 5
8260 5
8280 5
8285 5
8290 5
8293 5
8296 5
8300 5
8302 5
8308 5
8312 5
8316 5
8317 5
8318 5
8320 5
8321 5
8322 5
8327 5
8328 5
8332 5
8340 5
8345 5
8351 5
8360 5
8361 5
8362 5
8364 5
8367 5
8370 5
8373 5
8380 5
8382 5
8387 5
8389 5
8391 5
8393 5
8394 5
8398 5
8409 5
8413 5
8446 5
8462 5
8468 5
8485 5
8486 5
8490 5
8491 5
8495 5
8496 5
8498 5
8499 5
8500 5
8517 5
8518 5
8526 5
8533 5
8535 5
8544 5
8546 5
8548 5
8553 5
8557 5
8558 5
8560 5
8562 5
8565 5
8566 5
8576 5
8581 5
8589 5
8591 5
8592 5
8593 5
8595 5
8596 5
8597 5
8598 5
86 5
8601 5
8602 5
8603 5
8605 5
8606 5
8610 5
8613 5
8614 5
8615 5
8618 5
8619 5
8621 5
8622 5
8623 5
8627 5
8630 5
8637 5
8638 5
8640 5
8647 5
8650 5
8652 5
8659 5
8660 5
8663 5
8664 5
8668 5
8673 5
8674 5
8676 5
8679 5
8681 5
8682 5
8683 5
8684 5
8685 5
8689 5
8695 5
87 5
8708 5
8710 5
8712 5
8725 5
8726 5
8727 5
8729 5
8730 5
8737 5
8755 5
8757 5
8760 5
8762 5
8763 5
8764 5
8765 5
8767 5
8768 5
8771 5
8772 5
8773 5
8776 5
8778 5
8841 5
8842 5
8843 5
8864 5
8871 5
8883 5
8887 5
8933 5
8940 5
8970 5
8972 5
8973 5
8985 5
8986 5
8995 5
9003 5
9004 5
9037 5
9052 5
9055 5
9063 5
9066 5
9071 5
9076 5
9079 5
9080 5
9096 5
9097 5
9099 5
9100 5
9101 5
9102 5
9107 5
9114 5
9117 5
9118 5
9119 5
9121 5
9123 5
9124 5
9127 5
9129 5
9131 5
9137 5
9138 5
9139 5
914 5
9149 5
9151 5
9153 5
9154 5
9161 5
9183 5
9184 5
9186 5
9196 5
9198 5
9200 5
9202 5
9203 5
9204 5
9209 5
9210 5
9212 5
9220 5
9227 5
9230 5
9247 5
9249 5
9251 5
9253 5
9255 5
9257 5
9259 5
9261 5
9266 5
9269 5
9270 5
9274 5
9277 5
9280 5
9281 5
9287 5
9289 5
9304 5
9316 5
9333 5
9334 5
9335 5
9346 5
9354 5
9355 5
9356 5
9371 5
9372 5
9373 5
9375 5
9376 5
9377 5
9378 5
9379 5
9380 5
9381 5
9382 5
9384 5
9388 5
9395 5
9398 5
9401 5
9402 5
9403 5
9404 5
9405 5
9410 5
9416 5
9418 5
9423 5
9433 5
9435 5
9436 5
9437 5
9444 5
9454 5
9455 5
9464 5
9465 5
9469 5
9470 5
9471 5
9473 5
9475 5
9476 5
9480 5
9490 5
9491 5
9492 5
9494 5
9499 5
9501 5
9504 5
9507 5
9509 5
9515 5
9544 5
9547 5
9552 5
9554 5
9558 5
9559 5
9573 5
9575 5
9576 5
9578 5
9580 5
9581 5
9582 5
9584 5
9585 5
9586 5
9591 5
9597 5
9600 5
9601 5
9602 5
9603 5
9604 5
9606 5
9609 5
9610 5
9612 5
9613 5
9615 5
9616 5
9620 5
9623 5
9625 5
9626 5
9629 5
9639 5
9641 5
9644 5
9651 5
9653 5
9657 5
9666 5
9670 5
9674 5
9678 5
9679 5
9680 5
9681 5
9682 5
9685 5
9687 5
9689 5
9691 5
9692 5
9694 5
9697 5
9701 5
9704 5
9706 5
9707 5
9714 5
9716 5
9724 5
9728 5
9731 5
9734 5
9735 5
9740 5
9741 5
9746 5
9747 5
9748 5
9749 5
9750 5
9752 5
9755 5
9758 5
9759 5
9760 5
9761 5
9762 5
9763 5
9769 5
9771 5
9772 5
9774 5
1057 4
1106 4
1315 4
1369 4
1502 4
1531 4
1573 4
1691 4
1756 4
1767 4
1774 4
1787 4
1789 4
1794 4
1798 4
1884 4
1987 4
2036 4
2108 4
2145 4
2222 4
2266 4
2267 4
2316 4
2381 4
2397 4
2443 4
2455 4
2533 4
27 4
2702 4
2773 4
2802 4
2824 4
2903 4
2922 4
2935 4
295 4
3071 4
312 4
3161 4
3269 4
3271 4
3281 4
3307 4
3317 4
3376 4
3431 4
3433 4
3436 4
3453 4
3474 4
3504 4
3506 4
3507 4
3532 4
3635 4
3642 4
3745 4
3746 4
3755 4
3765 4
3804 4
3847 4
3942 4
3947 4
3976 4
3987 4
4012 4
4126 4
414 4
4142 4
4149 4
4183 4
4203 4
4212 4
4250 4
4324 4
433 4
4331 4
4355 4
4360 4
4368 4
437 4
4373 4
4378 4
4398 4
4400 4
4404 4
4430 4
4432 4
4436 4
4452 4
4479 4
454 4
4570 4
4605 4
4606 4
4646 4
4663 4
4711 4
4719 4
4867 4
4882 4
4982 4
5014 4
5102 4
5150 4
5160 4
5177 4
5203 4
5269 4
5271 4
5279 4
5289 4
5305 4
5326 4
5348 4
5386 4
5424 4
5450 4
5456 4
5489 4
550 4
5505 4
5531 4
5563 4
5597 4
5611 4
5634 4
5638 4
5644 4
5645 4
5653 4
5679 4
5685 4
5699 4
5716 4
5723 4
5730 4
5750 4
5781 4
5800 4
5801 4
5852 4
5855 4
5933 4
5936 4
5952 4
5970 4
5992 4
6068 4
6077 4
6095 4
6117 4
6190 4
6211 4
6232 4
6253 4
6411 4
6414 4
6455 4
6468 4
6532 4
6535 4
6541 4
6542 4
6553 4
6586 4
6587 4
6594 4
6595 4
6611 4
6652 4
6658 4
6665 4
6692 4
6729 4
6745 4
6754 4
6760 4
678 4
6780 4
6787 4
6807 4
6883 4
6967 4
6991 4
7024 4
7039 4
7046 4
7049 4
7054 4
7066 4
7106 4
7121 4
7144 4
7168 4
7169 4
7225 4
7228 4
7234 4
7292 4
7310 4
7320 4
7323 4
7330 4
7338 4
7392 4
7489 4
7559 4
7582 4
7595 4
7614 4
7615 4
7621 4
7647 4
7672 4
7706 4
7708 4
7714 4
7719 4
7728 4
7746 4
7747 4
7774 4
7775 4
7820 4
784 4
7868 4
7908 4
7912 4
7916 4
7970 4
80 4
8028 4
8093 4
8143 4
8144 4
8175 4
8215 4
8309 4
8334 4
8336 4
8354 4
8374 4
8378 4
8386 4
8396 4
8397 4
8456 4
8479 4
8523 4
8527 4
8556 4
8572 4
8573 4
8588 4
8620 4
8675 4
8678 4
8688 4
8696 4
8716 4
8741 4
8742 4
8747 4
8751 4
8780 4
8810 4
8832 4
8839 4
8848 4
8928 4
8951 4
8959 4
8980 4
9009 4
9019 4
9067 4
9094 4
9104 4
9122 4
9146 4
9158 4
9159 4
9193 4
9199 4
9298 4
9301 4
9306 4
9353 4
9367 4
9390 4
9391 4
9446 4
9458 4
9461 4
9478 4
9486 4
9489 4
9498 4
9566 4
9594 4
9596 4
9632 4
9643 4
9652 4
9711 4
9727 4
9738 4
9742 4
9757 4
984 4
108 3
1081 3
119 3
141 3
157 3
1609 3
1641 3
1698 3
1713 3
2529 3
3173 3
3182 3
3205 3
3267 3
330 3
3313 3
3422 3
3428 3
3430 3
3459 3
3497 3
3498 3
3974 3
4010 3
4173 3
4363 3
444 3
4580 3
4627 3
4866 3
4902 3
5048 3
5105 3
5137 3
5164 3
5216 3
5344 3
5658 3
5673 3
5720 3
5774 3
5802 3
5861 3
5882 3
5965 3
5969 3
5985 3
5987 3
5991 3
6000 3
6406 3
6412 3
6479 3
6526 3
6545 3
6552 3
6988 3
7038 3
7113 3
7339 3
7535 3
7623 3
7642 3
7644 3
7707 3
7712 3
7720 3
7730 3
7742 3
7748 3
7749 3
7751 3
7764 3
7766 3
7822 3
7906 3
7918 3
8325 3
8344 3
8348 3
8420 3
8425 3
8493 3
8528 3
8786 3
8820 3
8837 3
8888 3
8927 3
9016 3
9025 3
9049 3
9130 3
9145 3
9385 3
9386 3
9415 3
9598 3
1153 2
118 2
1647 2
1670 2
1687 2
1723 2
1776 2
3400 2
3869 2
4449 2
4532 2
4829 2
5205 2
5213 2
5225 2
5647 2
5663 2
5718 2
5803 2
6449 2
6537 2
6882 2
6984 2
6995 2
7253 2
7805 2
7911 2
8188 2
8978 2
9000 2
9029 2
9084 2
9115 2
1680 1
3374 1
3449 1
49 1
7626 1
7799 1
9172 1
